0 2
1 2
2 2
3 2
4 2
5 2
6 2
7 2
8 2
9 2
10 2
11 2
12 2
13 2
14 2
15 2
16 2
17 2
18 2
19 2
20 2
21 2
22 2
23 2
24 2
25 2
26 2
27 2
28 2
29 2
30 2
31 2
32 2
33 2
34 2
35 2
36 2
37 2
38 2
39 2
40 2
41 2
42 2
43 2
44 2
45 2
46 2
47 2
48 2
49 2
50 2
51 2
52 2
53 2
54 2
55 2
56 2
57 2
58 2
59 2
60 2
61 2
62 2
63 2
64 2
65 2
66 2
67 2
68 2
69 2
70 2
71 2
72 2
73 2
74 2
75 2
76 2
77 2
78 2
79 2
80 2
81 2
82 2
83 2
84 2
85 2
86 2
87 2
88 2
89 2
90 2
91 2
92 2
93 2
94 2
95 2
96 2
97 2
98 2
99 2
100 2
101 2
102 2
103 2
104 2
105 2
106 2
107 2
108 2
109 2
110 2
111 2
112 2
113 2
114 2
115 2
116 2
117 2
118 2
119 2
120 2
121 2
122 2
123 2
124 2
125 2
126 2
127 2
128 2
129 2
130 2
131 2
132 2
133 2
134 2
135 2
136 2
137 2
138 2
139 2
140 2
141 2
142 2
143 2
144 2
145 2
146 2
147 2
148 2
149 2
150 2
151 2
152 2
153 2
154 2
155 2
156 2
157 2
158 2
159 2
160 2
161 2
162 2
163 2
164 2
165 2
166 2
167 2
168 2
169 2
170 2
171 2
172 2
173 2
174 2
175 2
176 2
177 2
178 2
179 2
180 2
181 2
182 2
183 2
184 2
185 2
186 2
187 2
188 2
189 2
190 2
191 2
192 2
193 2
194 2
195 2
196 2
197 2
198 2
199 2
200 2
201 2
202 2
203 2
204 2
205 2
206 2
207 2
208 2
209 2
210 2
211 2
212 2
213 2
214 2
215 2
216 2
217 2
218 2
219 2
220 2
221 2
222 2
223 2
224 2
225 2
226 2
227 2
228 2
229 2
230 2
231 2
232 2
233 2
234 2
235 2
236 2
237 2
238 2
239 2
240 2
241 2
242 2
243 2
244 2
245 2
246 2
247 2
248 2
249 2
250 2
251 2
252 2
253 2
254 2
255 2
256 2
257 2
258 2
259 2
260 2
261 2
262 2
263 2
264 2
265 2
266 2
267 2
268 2
269 2
270 2
271 2
272 2
273 2
274 2
275 2
276 2
277 2
278 2
279 2
280 2
281 2
282 2
283 2
284 2
285 2
286 2
287 2
288 2
289 2
290 2
291 2
292 2
293 2
294 2
295 2
296 2
297 2
298 2
299 2
300 2
301 2
302 2
303 2
304 2
305 2
306 2
307 2
308 2
309 2
310 2
311 2
312 2
313 2
314 2
315 2
316 2
317 2
318 2
319 2
320 2
321 2
322 2
323 2
324 2
325 2
326 2
327 2
328 2
329 2
330 2
331 2
332 2
333 2
334 2
335 2
336 2
337 2
338 2
339 2
340 2
341 2
342 2
343 2
344 2
345 2
346 2
347 2
348 2
349 2
350 2
351 2
352 2
353 2
354 2
355 2
356 2
357 2
358 2
359 2
360 2
361 2
362 2
363 2
364 2
365 2
366 2
367 2
368 2
369 2
370 2
371 2
372 2
373 2
374 2
375 0
376 0
377 1
378 4
379 10
380 16
381 23
382 27
383 30
384 33
385 33
386 34
387 30
388 23
389 19
390 15
391 11
392 10
393 10
394 10
395 10
396 11
397 12
398 14
399 18
400 19
401 24
402 22
403 15
404 12
405 31
406 64
407 107
408 135
409 147
410 147
411 149
412 130
413 48
414 0
415 2
416 2
417 2
418 2
419 2
420 2
421 2
422 1
423 0
424 1
425 2
426 2
427 2
428 2
429 2
430 2
431 2
432 2
433 2
434 2
435 2
436 2
437 2
438 2
439 1
440 1
441 1
442 1
443 2
444 2
445 3
446 4
447 5
448 7
449 9
450 9
451 10
452 10
453 11
454 12
455 12
456 14
457 16
458 18
459 19
460 20
461 21
462 22
463 23
464 24
465 25
466 27
467 28
468 30
469 30
470 31
471 32
472 33
473 35
474 37
475 39
476 41
477 43
478 45
479 47
480 49
481 52
482 54
483 55
484 58
485 62
486 65
487 69
488 72
489 74
490 72
491 76
492 86
493 110
494 166
495 245
496 255
497 255
498 254
499 255
500 255
501 255
502 255
503 255
504 255
505 255
506 255
507 255
508 255
509 255
510 255
511 255
512 255
513 232
514 124
515 73
516 73
517 74
518 73
519 73
520 72
521 71
522 71
523 73
524 75
525 76
526 77
527 77
528 75
529 75
530 75
531 75
532 74
533 75
534 76
535 77
536 78
537 79
538 80
539 81
540 81
541 78
542 74
543 72
544 69
545 65
546 60
547 57
548 53
549 48
550 44
551 40
552 39
553 35
554 29
555 26
556 24
557 21
558 18
559 18
560 18
561 17
562 17
563 17
564 16
565 15
566 13
567 12
568 11
569 11
570 11
571 10
572 9
573 9
574 9
575 9
576 10
577 11
578 10
579 10
580 9
581 10
582 11
583 11
584 11
585 12
586 13
587 14
588 16
589 19
590 21
591 23
592 27
593 30
594 33
595 35
596 38
597 40
598 42
599 41
600 40
601 39
602 38
603 38
604 38
605 38
606 38
607 37
608 38
609 38
610 38
611 38
612 38
613 39
614 40
615 42
616 40
617 47
618 61
619 66
620 68
621 98
622 140
623 184
624 228
625 250
626 239
627 232
628 235
629 247
630 245
631 212
632 125
633 46
634 39
635 48
636 63
637 92
638 114
639 135
640 153
641 163
642 157
643 135
644 102
645 55
646 26
647 21
648 23
649 22
650 23
651 22
652 20
653 21
654 19
655 16
656 14
657 15
658 20
659 19
660 16
661 21
662 24
663 25
664 26
665 37
666 59
667 75
668 87
669 101
670 110
671 107
672 100
673 80
674 36
675 14
676 12
677 12
678 13
679 11
680 10
681 7
682 4
683 2
684 3
685 3
686 2
687 2
688 2
689 1
690 2
691 3
692 2
693 3
694 7
695 19
696 28
697 36
698 44
699 53
700 72
701 112
702 146
703 162
704 168
705 151
706 109
707 65
708 31
709 9
710 1
711 3
712 5
713 6
714 5
715 9
716 11
717 5
718 1
719 2
720 2
721 2
722 2
723 2
724 2
725 2
726 2
727 2
728 2
729 2
730 2
731 2
732 2
733 2
734 2
735 2
736 2
737 2
738 2
739 2
740 2
741 2
742 2
743 2
744 2
745 2
746 2
747 2
748 2
749 2
750 2
751 2
752 2
753 2
754 2
755 2
756 2
757 2
758 2
759 3
760 2
761 1
762 3
763 6
764 9
765 7
766 3
767 2
768 1
769 3
770 3
771 3
772 3
773 1
774 1
775 3
776 4
777 3
778 3
779 8
780 20
781 32
782 39
783 40
784 43
785 37
786 22
787 7
788 1
789 2
790 3
791 1
792 0
793 1
794 3
795 3
796 2
797 1
798 2
799 2
800 2
801 2
802 2
803 2
804 2
805 2
806 2
807 2
808 2
809 2
810 2
811 2
812 2
813 2
814 2
815 2
816 2
817 2
818 2
819 2
820 2
821 2
822 2
823 2
824 2
825 2
826 2
827 2
828 2
829 2
830 2
831 2
832 2
833 2
834 2
835 2
836 2
837 2
838 2
839 2
840 2
841 2
842 2
843 2
844 2
845 2
846 2
847 2
848 2
849 2
850 2
851 2
852 2
853 2
854 2
855 2
856 2
857 2
858 2
859 2
860 2
861 2
862 2
863 2
864 2
865 2
866 2
867 2
868 2
869 2
870 2
871 2
872 2
873 2
874 2
875 2
876 2
877 2
878 2
879 2
880 2
881 2
882 2
883 2
884 2
885 2
886 2
887 2
888 2
889 2
890 2
891 2
892 2
893 2
894 2
895 2
896 2
897 2
898 2
899 2
900 2
901 2
902 2
903 2
904 2
905 2
906 2
907 2
908 2
909 2
910 2
911 2
912 2
913 2
914 2
915 2
916 2
917 2
918 2
919 2
920 2
921 2
922 2
923 2
924 2
925 2
926 2
927 2
928 2
929 2
930 2
931 2
932 2
933 2
934 2
935 2
936 2
937 2
938 2
939 2
940 2
941 2
942 2
943 2
944 2
945 2
946 2
947 2
948 2
949 2
950 2
951 2
952 2
953 2
954 2
955 2
956 2
957 2
958 2
959 2
960 2
961 2
962 2
963 2
964 2
965 2
966 2
967 2
968 2
969 2
970 2
971 2
972 2
973 2
974 2
975 2
976 2
977 2
978 2
979 2
980 2
981 2
982 2
983 2
984 2
985 2
986 2
987 2
988 2
989 2
990 2
