0 2
1 2
2 2
3 2
4 2
5 2
6 2
7 2
8 2
9 2
10 2
11 2
12 2
13 2
14 2
15 2
16 2
17 2
18 2
19 2
20 2
21 2
22 2
23 2
24 2
25 2
26 2
27 2
28 2
29 2
30 2
31 2
32 2
33 2
34 2
35 2
36 2
37 2
38 2
39 2
40 2
41 2
42 2
43 2
44 2
45 2
46 2
47 2
48 2
49 2
50 2
51 2
52 2
53 2
54 2
55 2
56 2
57 2
58 2
59 2
60 2
61 2
62 2
63 2
64 2
65 2
66 2
67 2
68 2
69 2
70 2
71 2
72 2
73 2
74 2
75 2
76 2
77 2
78 2
79 2
80 2
81 2
82 2
83 2
84 2
85 2
86 2
87 2
88 2
89 2
90 2
91 2
92 2
93 2
94 2
95 2
96 2
97 2
98 2
99 2
100 2
101 2
102 2
103 2
104 2
105 2
106 2
107 2
108 2
109 2
110 2
111 2
112 2
113 2
114 2
115 2
116 2
117 2
118 2
119 2
120 2
121 2
122 2
123 2
124 2
125 2
126 2
127 2
128 2
129 2
130 2
131 2
132 2
133 2
134 2
135 2
136 2
137 2
138 2
139 2
140 2
141 2
142 2
143 2
144 2
145 2
146 2
147 2
148 2
149 2
150 2
151 2
152 2
153 2
154 2
155 2
156 2
157 2
158 2
159 2
160 2
161 2
162 2
163 2
164 2
165 2
166 2
167 2
168 2
169 2
170 2
171 2
172 2
173 2
174 2
175 2
176 2
177 2
178 2
179 2
180 2
181 2
182 2
183 2
184 2
185 2
186 2
187 2
188 2
189 2
190 2
191 2
192 2
193 2
194 2
195 2
196 2
197 2
198 2
199 2
200 2
201 2
202 2
203 2
204 2
205 2
206 2
207 2
208 2
209 2
210 2
211 2
212 2
213 2
214 2
215 2
216 2
217 2
218 2
219 2
220 2
221 2
222 2
223 2
224 2
225 2
226 2
227 2
228 2
229 2
230 2
231 2
232 2
233 2
234 2
235 2
236 2
237 2
238 2
239 2
240 2
241 2
242 2
243 2
244 2
245 2
246 2
247 2
248 2
249 2
250 2
251 2
252 2
253 2
254 2
255 2
256 2
257 2
258 2
259 2
260 2
261 2
262 2
263 2
264 2
265 2
266 2
267 2
268 2
269 2
270 2
271 2
272 2
273 2
274 2
275 2
276 2
277 2
278 2
279 2
280 2
281 2
282 2
283 2
284 2
285 2
286 2
287 2
288 2
289 2
290 2
291 2
292 2
293 2
294 2
295 2
296 2
297 2
298 2
299 2
300 2
301 2
302 2
303 2
304 2
305 2
306 2
307 2
308 2
309 2
310 2
311 2
312 2
313 2
314 2
315 2
316 2
317 2
318 2
319 2
320 2
321 2
322 2
323 2
324 2
325 2
326 2
327 2
328 2
329 2
330 2
331 2
332 2
333 2
334 2
335 2
336 2
337 2
338 2
339 2
340 2
341 2
342 2
343 2
344 2
345 2
346 2
347 2
348 2
349 2
350 2
351 2
352 2
353 2
354 2
355 2
356 2
357 2
358 2
359 2
360 2
361 2
362 2
363 2
364 2
365 2
366 2
367 2
368 2
369 2
370 2
371 2
372 2
373 2
374 2
375 2
376 3
377 8
378 22
379 40
380 59
381 72
382 89
383 108
384 101
385 92
386 106
387 96
388 72
389 58
390 44
391 33
392 30
393 32
394 36
395 35
396 33
397 35
398 38
399 41
400 40
401 46
402 65
403 69
404 73
405 107
406 159
407 217
408 229
409 219
410 218
411 227
412 217
413 114
414 37
415 18
416 6
417 0
418 2
419 3
420 2
421 2
422 2
423 2
424 3
425 4
426 4
427 4
428 4
429 6
430 8
431 8
432 9
433 9
434 9
435 10
436 11
437 12
438 13
439 14
440 14
441 14
442 15
443 17
444 18
445 20
446 22
447 26
448 27
449 30
450 32
451 33
452 35
453 37
454 38
455 43
456 45
457 50
458 55
459 59
460 63
461 67
462 70
463 71
464 73
465 75
466 76
467 78
468 80
469 81
470 81
471 84
472 87
473 91
474 96
475 101
476 104
477 109
478 115
479 121
480 128
481 134
482 139
483 147
484 156
485 165
486 172
487 179
488 184
489 194
490 210
491 218
492 216
493 218
494 219
495 219
496 218
497 217
498 217
499 217
500 218
501 219
502 219
503 218
504 218
505 218
506 218
507 218
508 218
509 218
510 218
511 218
512 218
513 218
514 218
515 218
516 217
517 220
518 207
519 177
520 170
521 171
522 171
523 178
524 190
525 190
526 190
527 190
528 189
529 187
530 187
531 186
532 185
533 187
534 189
535 193
536 196
537 199
538 201
539 200
540 200
541 201
542 201
543 201
544 196
545 193
546 196
547 191
548 181
549 173
550 158
551 136
552 119
553 105
554 90
555 78
556 72
557 64
558 57
559 53
560 51
561 48
562 45
563 41
564 38
565 35
566 34
567 29
568 28
569 27
570 25
571 23
572 21
573 20
574 20
575 20
576 20
577 20
578 20
579 21
580 22
581 27
582 33
583 34
584 35
585 38
586 43
587 47
588 50
589 59
590 70
591 86
592 97
593 108
594 119
595 123
596 123
597 124
598 123
599 121
600 115
601 109
602 105
603 101
604 97
605 95
606 94
607 93
608 92
609 92
610 92
611 92
612 91
613 92
614 94
615 99
616 103
617 111
618 131
619 165
620 207
621 221
622 222
623 218
624 220
625 223
626 219
627 217
628 218
629 218
630 219
631 221
632 228
633 206
634 134
635 110
636 140
637 190
638 214
639 204
640 198
641 199
642 202
643 212
644 205
645 125
646 63
647 53
648 51
649 51
650 53
651 51
652 46
653 43
654 43
655 41
656 42
657 42
658 40
659 39
660 39
661 39
662 38
663 39
664 44
665 56
666 83
667 115
668 148
669 181
670 201
671 199
672 161
673 102
674 42
675 13
676 13
677 13
678 17
679 16
680 11
681 7
682 7
683 7
684 6
685 4
686 3
687 2
688 2
689 2
690 2
691 2
692 3
693 4
694 5
695 8
696 1
697 19
698 126
699 198
700 218
701 225
702 222
703 216
704 214
705 218
706 220
707 221
708 195
709 72
710 1
711 1
712 3
713 2
714 3
715 2
716 0
717 1
718 0
719 2
720 2
721 2
722 2
723 2
724 2
725 2
726 2
727 2
728 2
729 2
730 2
731 2
732 2
733 2
734 2
735 2
736 2
737 2
738 2
739 2
740 2
741 2
742 2
743 2
744 2
745 2
746 2
747 2
748 2
749 2
750 2
751 2
752 2
753 2
754 2
755 2
756 2
757 2
758 2
759 2
760 2
761 2
762 2
763 2
764 2
765 2
766 2
767 2
768 2
769 2
770 2
771 2
772 2
773 2
774 1
775 3
776 2
777 1
778 1
779 7
780 23
781 42
782 56
783 63
784 65
785 53
786 22
787 3
788 2
789 2
790 2
791 1
792 2
793 5
794 2
795 1
796 4
797 2
798 2
799 2
800 2
801 2
802 2
803 2
804 2
805 2
806 2
807 2
808 2
809 2
810 2
811 2
812 2
813 2
814 2
815 2
816 2
817 2
818 2
819 2
820 2
821 2
822 2
823 2
824 2
825 2
826 2
827 2
828 2
829 2
830 2
831 2
832 2
833 2
834 2
835 2
836 2
837 2
838 2
839 2
840 2
841 2
842 2
843 2
844 2
845 2
846 2
847 2
848 2
849 2
850 2
851 2
852 2
853 2
854 2
855 2
856 2
857 2
858 2
859 2
860 2
861 2
862 2
863 2
864 2
865 2
866 2
867 2
868 2
869 2
870 2
871 2
872 2
873 2
874 2
875 2
876 2
877 2
878 2
879 2
880 2
881 2
882 2
883 2
884 2
885 2
886 2
887 2
888 2
889 2
890 2
891 2
892 2
893 2
894 2
895 2
896 2
897 2
898 2
899 2
900 2
901 2
902 2
903 2
904 2
905 2
906 2
907 2
908 2
909 2
910 2
911 2
912 2
913 2
914 2
915 2
916 2
917 2
918 2
919 2
920 2
921 2
922 2
923 2
924 2
925 2
926 2
927 2
928 2
929 2
930 2
931 2
932 2
933 2
934 2
935 2
936 2
937 2
938 2
939 2
940 2
941 2
942 2
943 2
944 2
945 2
946 2
947 2
948 2
949 2
950 2
951 2
952 2
953 2
954 2
955 2
956 2
957 2
958 2
959 2
960 2
961 2
962 2
963 2
964 2
965 2
966 2
967 2
968 2
969 2
970 2
971 2
972 2
973 2
974 2
975 2
976 2
977 2
978 2
979 2
980 2
981 2
982 2
983 2
984 2
985 2
986 2
987 2
988 2
989 2
990 2
