0 2
1 2
2 2
3 2
4 2
5 2
6 2
7 2
8 2
9 2
10 2
11 2
12 2
13 2
14 2
15 2
16 2
17 2
18 2
19 2
20 2
21 2
22 2
23 2
24 2
25 2
26 2
27 2
28 2
29 2
30 2
31 2
32 2
33 2
34 2
35 2
36 2
37 2
38 2
39 2
40 2
41 2
42 2
43 2
44 2
45 2
46 2
47 2
48 2
49 2
50 2
51 2
52 2
53 2
54 2
55 2
56 2
57 2
58 2
59 2
60 2
61 2
62 2
63 2
64 2
65 2
66 2
67 2
68 2
69 2
70 2
71 2
72 2
73 2
74 2
75 2
76 2
77 2
78 2
79 2
80 2
81 2
82 2
83 2
84 2
85 2
86 2
87 2
88 2
89 2
90 2
91 2
92 2
93 2
94 2
95 2
96 2
97 2
98 2
99 2
100 2
101 2
102 2
103 2
104 2
105 2
106 2
107 2
108 2
109 2
110 2
111 2
112 2
113 2
114 2
115 2
116 2
117 2
118 2
119 2
120 2
121 2
122 2
123 2
124 2
125 2
126 2
127 2
128 2
129 2
130 2
131 2
132 2
133 2
134 2
135 2
136 2
137 2
138 2
139 2
140 2
141 2
142 2
143 2
144 2
145 2
146 2
147 2
148 2
149 2
150 2
151 2
152 2
153 2
154 2
155 2
156 2
157 2
158 2
159 2
160 2
161 2
162 2
163 2
164 2
165 2
166 2
167 2
168 2
169 2
170 2
171 2
172 2
173 2
174 2
175 2
176 2
177 2
178 2
179 2
180 2
181 2
182 2
183 2
184 2
185 2
186 2
187 2
188 2
189 2
190 2
191 2
192 2
193 2
194 2
195 2
196 2
197 2
198 2
199 2
200 2
201 2
202 2
203 2
204 2
205 2
206 2
207 2
208 2
209 2
210 2
211 2
212 2
213 2
214 2
215 2
216 2
217 2
218 2
219 2
220 2
221 2
222 2
223 2
224 2
225 2
226 2
227 2
228 2
229 2
230 2
231 2
232 2
233 2
234 2
235 2
236 2
237 2
238 2
239 2
240 2
241 2
242 2
243 2
244 2
245 2
246 2
247 2
248 2
249 2
250 2
251 2
252 2
253 2
254 2
255 2
256 2
257 2
258 2
259 2
260 2
261 2
262 2
263 2
264 2
265 2
266 2
267 2
268 2
269 2
270 2
271 2
272 2
273 2
274 2
275 2
276 2
277 2
278 2
279 2
280 2
281 2
282 2
283 2
284 2
285 2
286 2
287 2
288 2
289 2
290 2
291 2
292 2
293 2
294 2
295 2
296 2
297 2
298 2
299 2
300 2
301 2
302 2
303 2
304 2
305 2
306 2
307 2
308 2
309 2
310 2
311 2
312 2
313 2
314 2
315 2
316 2
317 2
318 2
319 2
320 2
321 2
322 2
323 2
324 2
325 2
326 2
327 2
328 2
329 2
330 2
331 2
332 2
333 2
334 2
335 2
336 2
337 2
338 2
339 2
340 2
341 2
342 2
343 2
344 2
345 2
346 2
347 2
348 2
349 2
350 2
351 2
352 2
353 2
354 2
355 2
356 2
357 2
358 2
359 2
360 2
361 2
362 2
363 2
364 2
365 2
366 2
367 2
368 2
369 2
370 2
371 2
372 2
373 2
374 2
375 2
376 2
377 2
378 2
379 2
380 2
381 2
382 2
383 2
384 2
385 2
386 2
387 2
388 2
389 2
390 2
391 2
392 2
393 2
394 2
395 2
396 2
397 2
398 2
399 3
400 3
401 5
402 3
403 3
404 3
405 0
406 21
407 67
408 90
409 103
410 113
411 81
412 31
413 8
414 1
415 2
416 2
417 2
418 2
419 2
420 2
421 2
422 2
423 2
424 2
425 2
426 2
427 2
428 2
429 2
430 2
431 2
432 2
433 2
434 2
435 2
436 2
437 2
438 2
439 2
440 2
441 2
442 2
443 2
444 2
445 2
446 2
447 2
448 2
449 2
450 2
451 2
452 2
453 1
454 1
455 1
456 2
457 2
458 3
459 3
460 4
461 4
462 5
463 5
464 8
465 10
466 10
467 10
468 11
469 11
470 11
471 11
472 11
473 11
474 11
475 11
476 10
477 10
478 10
479 10
480 11
481 11
482 11
483 11
484 11
485 11
486 11
487 11
488 11
489 11
490 11
491 11
492 11
493 12
494 12
495 13
496 15
497 17
498 19
499 21
500 23
501 24
502 25
503 24
504 25
505 27
506 27
507 27
508 30
509 38
510 45
511 50
512 52
513 60
514 81
515 130
516 194
517 237
518 255
519 255
520 253
521 252
522 255
523 252
524 247
525 250
526 208
527 123
528 57
529 25
530 31
531 40
532 45
533 45
534 45
535 45
536 45
537 46
538 47
539 48
540 48
541 49
542 51
543 52
544 53
545 55
546 58
547 60
548 61
549 64
550 66
551 68
552 69
553 72
554 74
555 84
556 95
557 100
558 131
559 188
560 221
561 239
562 251
563 254
564 253
565 253
566 255
567 254
568 255
569 255
570 255
571 255
572 255
573 218
574 150
575 61
576 39
577 50
578 57
579 61
580 56
581 54
582 54
583 54
584 55
585 56
586 57
587 58
588 59
589 58
590 58
591 57
592 56
593 55
594 54
595 54
596 53
597 52
598 52
599 51
600 51
601 51
602 52
603 52
604 53
605 53
606 54
607 53
608 53
609 51
610 49
611 47
612 44
613 41
614 39
615 38
616 38
617 36
618 34
619 32
620 32
621 31
622 31
623 30
624 30
625 30
626 29
627 29
628 29
629 29
630 29
631 27
632 27
633 28
634 27
635 27
636 26
637 26
638 26
639 28
640 31
641 35
642 36
643 40
644 44
645 45
646 43
647 43
648 43
649 47
650 56
651 66
652 73
653 72
654 66
655 57
656 48
657 41
658 39
659 37
660 36
661 37
662 37
663 38
664 38
665 37
666 37
667 36
668 36
669 35
670 35
671 34
672 34
673 33
674 32
675 31
676 30
677 30
678 29
679 30
680 31
681 30
682 28
683 27
684 27
685 27
686 28
687 28
688 28
689 28
690 28
691 28
692 27
693 27
694 26
695 26
696 26
697 26
698 28
699 29
700 28
701 28
702 29
703 28
704 29
705 28
706 28
707 29
708 31
709 34
710 36
711 35
712 32
713 33
714 49
715 57
716 67
717 107
718 164
719 223
720 248
721 253
722 254
723 255
724 253
725 180
726 98
727 44
728 18
729 18
730 28
731 32
732 27
733 28
734 29
735 28
736 28
737 28
738 28
739 28
740 29
741 29
742 29
743 30
744 30
745 30
746 27
747 25
748 25
749 25
750 24
751 23
752 21
753 20
754 19
755 24
756 28
757 32
758 42
759 59
760 71
761 82
762 102
763 105
764 98
765 109
766 111
767 93
768 63
769 32
770 12
771 6
772 8
773 6
774 3
775 2
776 1
777 1
778 2
779 2
780 2
781 2
782 2
783 2
784 2
785 2
786 2
787 2
788 2
789 2
790 2
791 2
792 2
793 2
794 2
795 2
796 2
797 2
798 2
799 2
800 2
801 2
802 2
803 2
804 2
805 2
806 2
807 2
808 2
809 2
810 2
811 2
812 2
813 2
814 2
815 2
816 2
817 2
818 2
819 2
820 2
821 2
822 2
823 2
824 2
825 2
826 2
827 2
828 2
829 2
830 2
831 2
832 2
833 2
834 2
835 2
836 2
837 2
838 2
839 2
840 2
841 2
842 2
843 2
844 2
845 2
846 2
847 2
848 2
849 2
850 2
851 2
852 2
853 2
854 2
855 2
856 2
857 2
858 2
859 2
860 2
861 2
862 2
863 2
864 2
865 2
866 2
867 2
868 2
869 2
870 2
871 2
872 2
873 2
874 2
875 2
876 2
877 2
878 2
879 2
880 2
881 2
882 2
883 2
884 2
885 2
886 2
887 2
888 2
889 2
890 2
891 2
892 2
893 2
894 2
895 2
896 2
897 2
898 2
899 2
900 2
901 2
902 2
903 2
904 2
905 2
906 2
907 2
908 2
909 2
910 2
911 2
912 2
913 2
914 2
915 2
916 2
917 2
918 2
919 2
920 2
921 2
922 2
923 2
924 2
925 2
926 2
927 2
928 2
929 2
930 2
931 2
932 2
933 2
934 2
935 2
936 2
937 2
938 2
939 2
940 2
941 2
942 2
943 2
944 2
945 2
946 2
947 2
948 2
949 2
950 2
951 2
952 2
953 2
954 2
955 2
956 2
957 2
958 2
959 2
960 2
961 2
962 2
963 2
964 2
965 2
966 2
967 2
968 2
969 2
970 2
971 2
972 2
973 2
974 2
975 2
976 2
977 2
978 2
979 2
980 2
981 2
982 2
983 2
984 2
985 2
986 2
987 2
988 2
989 2
990 2
