0 2
1 2
2 2
3 2
4 2
5 2
6 2
7 2
8 2
9 2
10 2
11 2
12 2
13 2
14 2
15 2
16 2
17 2
18 2
19 2
20 2
21 2
22 2
23 2
24 2
25 2
26 2
27 2
28 2
29 2
30 2
31 2
32 2
33 2
34 2
35 2
36 2
37 2
38 2
39 2
40 2
41 2
42 2
43 2
44 2
45 2
46 2
47 2
48 2
49 2
50 2
51 2
52 2
53 2
54 2
55 2
56 2
57 2
58 2
59 2
60 2
61 2
62 2
63 2
64 2
65 2
66 2
67 2
68 2
69 2
70 2
71 2
72 2
73 2
74 2
75 2
76 2
77 2
78 2
79 2
80 2
81 2
82 2
83 2
84 2
85 2
86 2
87 2
88 2
89 2
90 2
91 2
92 2
93 2
94 2
95 2
96 2
97 2
98 2
99 2
100 2
101 2
102 2
103 2
104 2
105 2
106 2
107 2
108 2
109 2
110 2
111 2
112 2
113 2
114 2
115 2
116 2
117 2
118 2
119 2
120 2
121 2
122 2
123 2
124 2
125 2
126 2
127 2
128 2
129 2
130 2
131 2
132 2
133 2
134 2
135 2
136 2
137 2
138 2
139 2
140 2
141 2
142 2
143 2
144 2
145 2
146 2
147 2
148 2
149 2
150 2
151 2
152 2
153 2
154 2
155 2
156 2
157 2
158 2
159 2
160 2
161 2
162 2
163 2
164 2
165 2
166 2
167 2
168 2
169 2
170 2
171 2
172 2
173 2
174 2
175 2
176 2
177 2
178 2
179 2
180 2
181 2
182 2
183 2
184 2
185 2
186 2
187 2
188 2
189 2
190 2
191 2
192 2
193 2
194 2
195 2
196 2
197 2
198 2
199 2
200 2
201 2
202 2
203 2
204 2
205 2
206 2
207 2
208 2
209 2
210 2
211 2
212 2
213 2
214 2
215 2
216 2
217 2
218 2
219 2
220 2
221 2
222 2
223 2
224 2
225 2
226 2
227 2
228 2
229 2
230 2
231 2
232 2
233 2
234 2
235 2
236 2
237 2
238 2
239 2
240 2
241 2
242 2
243 2
244 2
245 2
246 2
247 2
248 2
249 2
250 2
251 2
252 2
253 2
254 2
255 2
256 2
257 2
258 2
259 2
260 2
261 2
262 2
263 2
264 2
265 2
266 2
267 2
268 2
269 2
270 2
271 2
272 2
273 2
274 2
275 2
276 2
277 2
278 2
279 2
280 2
281 2
282 2
283 2
284 2
285 2
286 2
287 2
288 2
289 2
290 2
291 2
292 2
293 2
294 2
295 2
296 2
297 2
298 2
299 2
300 2
301 2
302 2
303 2
304 2
305 2
306 2
307 2
308 2
309 2
310 2
311 2
312 2
313 2
314 2
315 2
316 2
317 2
318 2
319 2
320 2
321 2
322 2
323 2
324 2
325 2
326 2
327 2
328 2
329 2
330 2
331 2
332 2
333 2
334 2
335 2
336 2
337 2
338 2
339 2
340 2
341 2
342 2
343 2
344 2
345 2
346 2
347 2
348 2
349 2
350 2
351 2
352 2
353 2
354 2
355 2
356 2
357 2
358 2
359 2
360 2
361 2
362 2
363 2
364 2
365 2
366 2
367 2
368 2
369 2
370 2
371 2
372 2
373 2
374 2
375 2
376 1
377 4
378 11
379 21
380 27
381 31
382 42
383 63
384 70
385 70
386 69
387 72
388 72
389 71
390 66
391 63
392 64
393 62
394 58
395 54
396 48
397 38
398 29
399 38
400 52
401 100
402 191
403 221
404 210
405 208
406 209
407 210
408 207
409 206
410 211
411 224
412 203
413 67
414 0
415 0
416 1
417 2
418 2
419 2
420 2
421 2
422 2
423 2
424 2
425 2
426 2
427 2
428 2
429 2
430 2
431 2
432 2
433 2
434 2
435 2
436 2
437 2
438 2
439 2
440 2
441 2
442 2
443 2
444 2
445 2
446 2
447 2
448 2
449 2
450 2
451 2
452 2
453 2
454 2
455 2
456 2
457 2
458 2
459 2
460 2
461 2
462 2
463 2
464 2
465 2
466 2
467 2
468 2
469 2
470 2
471 2
472 2
473 2
474 2
475 2
476 2
477 1
478 1
479 1
480 1
481 1
482 1
483 1
484 2
485 2
486 3
487 5
488 4
489 4
490 4
491 5
492 5
493 7
494 8
495 11
496 12
497 12
498 13
499 14
500 14
501 15
502 15
503 15
504 15
505 16
506 17
507 18
508 18
509 18
510 18
511 19
512 20
513 21
514 23
515 25
516 27
517 27
518 27
519 27
520 26
521 25
522 24
523 21
524 19
525 18
526 18
527 17
528 17
529 17
530 17
531 17
532 17
533 16
534 16
535 14
536 13
537 12
538 12
539 12
540 12
541 11
542 10
543 10
544 10
545 10
546 10
547 10
548 10
549 10
550 10
551 10
552 10
553 10
554 9
555 9
556 10
557 10
558 10
559 11
560 11
561 10
562 10
563 9
564 8
565 7
566 6
567 5
568 5
569 4
570 4
571 4
572 4
573 4
574 5
575 5
576 5
577 5
578 5
579 5
580 5
581 5
582 4
583 5
584 5
585 5
586 6
587 6
588 7
589 7
590 8
591 8
592 8
593 8
594 8
595 8
596 9
597 10
598 10
599 11
600 11
601 11
602 12
603 12
604 13
605 14
606 16
607 17
608 17
609 18
610 19
611 20
612 20
613 21
614 21
615 21
616 21
617 21
618 22
619 22
620 22
621 23
622 23
623 24
624 25
625 26
626 27
627 27
628 28
629 28
630 28
631 29
632 31
633 33
634 35
635 36
636 37
637 39
638 40
639 41
640 43
641 43
642 44
643 43
644 44
645 55
646 109
647 197
648 220
649 210
650 210
651 209
652 210
653 210
654 210
655 208
656 212
657 215
658 214
659 173
660 101
661 39
662 15
663 28
664 32
665 32
666 30
667 32
668 34
669 32
670 31
671 29
672 29
673 29
674 27
675 26
676 25
677 25
678 24
679 23
680 23
681 23
682 23
683 23
684 22
685 21
686 21
687 20
688 19
689 18
690 17
691 17
692 16
693 16
694 16
695 17
696 16
697 16
698 15
699 14
700 12
701 11
702 10
703 10
704 9
705 9
706 8
707 7
708 6
709 6
710 5
711 5
712 4
713 3
714 4
715 6
716 9
717 13
718 16
719 21
720 18
721 18
722 23
723 58
724 107
725 144
726 149
727 123
728 60
729 7
730 4
731 5
732 2
733 0
734 1
735 0
736 0
737 1
738 1
739 2
740 3
741 3
742 4
743 5
744 5
745 5
746 5
747 5
748 5
749 6
750 6
751 8
752 10
753 12
754 15
755 18
756 21
757 24
758 25
759 24
760 22
761 18
762 13
763 8
764 5
765 3
766 2
767 0
768 1
769 2
770 3
771 3
772 4
773 4
774 4
775 5
776 4
777 4
778 3
779 3
780 2
781 2
782 1
783 2
784 2
785 2
786 2
787 2
788 2
789 2
790 2
791 2
792 2
793 2
794 2
795 2
796 2
797 2
798 2
799 2
800 2
801 2
802 2
803 2
804 2
805 2
806 2
807 2
808 2
809 2
810 2
811 2
812 2
813 2
814 2
815 2
816 2
817 2
818 2
819 2
820 2
821 2
822 2
823 2
824 2
825 2
826 2
827 2
828 2
829 2
830 2
831 2
832 2
833 2
834 2
835 2
836 2
837 2
838 2
839 2
840 2
841 2
842 2
843 2
844 2
845 2
846 2
847 2
848 2
849 2
850 2
851 2
852 2
853 2
854 2
855 2
856 2
857 2
858 2
859 2
860 2
861 2
862 2
863 2
864 2
865 2
866 2
867 2
868 2
869 2
870 2
871 2
872 2
873 2
874 2
875 2
876 2
877 2
878 2
879 2
880 2
881 2
882 2
883 2
884 2
885 2
886 2
887 2
888 2
889 2
890 2
891 2
892 2
893 2
894 2
895 2
896 2
897 2
898 2
899 2
900 2
901 2
902 2
903 2
904 2
905 2
906 2
907 2
908 2
909 2
910 2
911 2
912 2
913 2
914 2
915 2
916 2
917 2
918 2
919 2
920 2
921 2
922 2
923 2
924 2
925 2
926 2
927 2
928 2
929 2
930 2
931 2
932 2
933 2
934 2
935 2
936 2
937 2
938 2
939 2
940 2
941 2
942 2
943 2
944 2
945 2
946 2
947 2
948 2
949 2
950 2
951 2
952 2
953 2
954 2
955 2
956 2
957 2
958 2
959 2
960 2
961 2
962 2
963 2
964 2
965 2
966 2
967 2
968 2
969 2
970 2
971 2
972 2
973 2
974 2
975 2
976 2
977 2
978 2
979 2
980 2
981 2
982 2
983 2
984 2
985 2
986 2
987 2
988 2
989 2
990 2
