84.3  99.6  0.801502  19.521608  -8.04389  1.0
159.8  68.2  0.969065  19.321169  -9.580958  1.000002
170.2  192.2  1.02499  18.734203  -9.71486  1.0
133.1  131.2  1.080688  20.788506  -8.569704  0.999996000004
60.1  112.0  0.948599  19.321848  -8.425504  1.0
77.5  333.4  1.027517  21.43058  -8.113988  1.0
158.6  66.1  1.079119  20.680044  -9.554346  1.0
40.6  225.2  13.309473  20.268032  -9.720678  0.538507936561
120.2  9.7  0.793386  20.981943  -8.083836  0.999998000001
25.0  217.8  1.071232  19.550358  -9.375004  1.000002
62.6  20.1  0.943101  18.783682  -8.363536  1.0
82.4  131.5  0.872034  19.482748  -8.062232  0.999998000001
87.7  258.6  1.187214  18.768953  -8.011272  0.999998000001
86.1  111.0  1.05402  20.27153  -8.026906  1.0
7.8  339.7  0.960708  19.069138  -9.404596  0.999998000001
177.6  204.0  0.888478  18.217085  -9.744212  1.000002
87.5  95.3  0.705973  19.063604  -8.012888  1.000002
51.0  168.7  0.963009  19.620512  -8.703842  0.999998000001
145.9  83.7  1.166276  19.003328  -9.147588  1.0
61.5  272.1  1.091585  19.670832  -8.391252  0.999998000001
119.4  16.6  1.091516  20.400633  -8.062562  0.999996000004
77.1  312.9  12.137674  25.847731  -11.331374  0.555631595649
85.2  62.4  0.874853  20.167965  -8.035092  1.0
86.6  78.8  1.087292  20.838829  -8.021624  0.999998000001
85.8  251.4  1.098795  20.269892  -8.02913  1.000004
28.5  19.4  1.025553  20.046467  -9.33137  0.999998000001
101.8  205.8  1.060114  18.673309  -7.902846  1.000002
57.3  234.8  0.902885  19.8496  -8.502824  0.999998000001
41.0  85.5  0.942078  19.765924  -9.034622  1.0
109.3  331.9  0.958357  21.730675  -7.90671  0.999998000001
75.6  189.5  1.065084  20.489134  -8.136838  1.0
92.9  5.1  14.556152  24.838093  -10.298594  0.4939418961
103.2  291.0  1.131798  19.898634  -7.898304  1.0
38.9  302.7  0.869246  19.836905  -9.0964  1.000004
40.7  110.2  0.978924  18.994928  -9.0429  1.000002
48.4  198.2  1.104513  19.554569  -8.78978  0.999998000001
130.8  187.4  1.124675  18.867956  -8.464796  1.000002
62.6  122.4  1.019041  20.437483  -8.362284  1.0
86.4  21.0  0.856163  21.085552  -8.0238  0.999998000001
31.5  270.3  0.743895  19.223999  -9.279748  1.0
60.8  234.5  0.893637  19.530891  -8.40796  1.0
127.8  50.8  0.950304  19.394146  -8.340024  0.999998000001
104.0  86.5  1.047846  22.003498  -7.896554  1.0
78.2  36.9  1.009106  21.014299  -8.105646  1.0
123.5  287.9  1.136461  18.702183  -8.183982  1.0
96.4  63.5  0.939074  20.206312  -7.935222  1.000002
95.2  60.9  0.977972  19.975918  -7.944588  1.0
79.3  220.4  1.145237  20.075033  -8.094118  1.000002
156.0  83.2  1.096849  21.46183  -9.49189  1.000002
65.9  120.8  0.84166  20.100903  -8.290814  1.000002
84.5  152.2  0.986856  19.537357  -8.04181  1.0
162.9  341.0  15.808195  15.852985  -7.501694  0.417968715025
75.0  304.2  0.946865  19.611912  -8.144346  1.0
76.8  118.1  0.910023  20.974258  -8.122408  1.0
30.9  310.1  1.222158  20.261156  -9.28995  0.999998000001
80.8  176.3  0.804569  20.071297  -8.078412  0.999998000001
104.2  301.1  0.987974  19.362589  -7.896192  1.0
79.3  354.6  1.06559  19.82966  -8.093724  0.999998000001
161.7  278.6  0.726643  21.444687  -9.61599  1.0
50.9  236.6  0.999369  20.108906  -8.705276  1.0
100.1  349.9  0.979897  20.736586  -7.910888  1.0
57.8  23.5  0.895622  19.518986  -8.49084  1.000002
133.0  274.3  0.859348  20.397097  -8.563586  0.999998000001
143.7  157.2  1.048706  20.940071  -9.05472  1.000002
113.9  19.8  0.868351  19.129847  -7.953356  0.999998000001
134.0  221.9  0.847922  19.207428  -8.608766  1.0
78.8  2.7  0.968348  19.923721  -8.099354  1.0
74.9  134.9  11.946806  20.619268  -8.951222  0.483095892601
23.9  41.1  1.133605  19.475901  -9.384884  0.999998000001
108.1  179.8  1.12855  21.505867  -7.900906  1.000002
50.1  178.6  0.916515  20.518839  -8.73349  1.000002
157.5  33.8  0.980198  20.444836  -9.53029  1.000002
114.4  307.0  1.046757  20.569664  -7.960438  1.0
37.7  306.6  0.991373  20.098085  -9.132102  1.000004
92.7  139.0  0.792416  20.318542  -7.965768  1.000004
26.4  226.6  0.959253  19.563385  -9.359164  0.999998000001
163.6  188.9  1.030519  20.938248  -9.646206  1.000004
160.0  119.4  1.248319  19.081022  -9.58449  1.000002
48.5  127.0  1.116232  19.147488  -8.787776  0.999996000004
72.8  250.7  0.892916  21.596697  -8.173346  0.999998000001
29.1  259.6  11.238157  20.919069  -9.143772  0.446766580836
58.4  175.3  1.096941  19.523014  -8.473468  0.999998000001
73.6  49.8  14.165377  19.802336  -7.954288  0.440358324025
44.4  58.2  0.869097  21.679638  -8.922806  1.0
119.3  136.4  1.006353  19.423155  -8.059866  0.999996000004
39.6  285.4  0.83802  21.754963  -9.07727  1.000002
110.9  24.5  0.938553  19.422304  -7.918284  1.0
59.3  340.4  0.94673  19.898537  -8.448764  1.0
29.2  283.4  1.021879  19.393402  -9.321104  1.0
15.1  64.2  20.393219  19.094435  -7.78246  0.456727265856
79.8  306.4  0.988348  22.024  -8.088898  0.999998000001
84.4  318.0  1.108892  19.44821  -8.043198  1.0
26.9  123.6  0.963944  19.494827  -9.353636  0.999998000001
152.8  173.6  1.008831  22.479591  -9.399652  1.0
93.1  134.3  1.006559  19.181976  -7.962362  1.0
151.1  67.6  1.048845  20.376635  -9.344766  1.0
104.9  95.2  1.163599  18.893621  -7.89556  1.0
169.9  268.0  1.078895  20.043396  -9.712352  0.999998000001
14.0  253.5  0.955441  20.310406  -9.415722  1.0
156.0  296.0  0.910109  21.529039  -9.491748  0.999998000001
159.3  56.6  0.980895  19.853937  -9.571016  1.000002
108.1  63.0  0.954887  21.59  -7.90097  1.000002
108.1  204.0  1.07773  18.757305  -7.900852  0.999998000001
13.7  216.4  0.914993  20.346041  -9.415344  1.0
70.5  73.0  0.835264  18.683397  -8.207118  1.0
144.2  288.1  0.934881  21.287319  -9.076198  1.0
99.8  22.2  1.022936  19.031591  -7.91215  0.999998000001
77.7  254.3  1.04413  19.197895  -8.11227  1.000002
31.1  321.0  0.992786  19.080742  -9.286552  1.0
84.8  179.3  1.001091  21.792023  -8.039318  1.0
65.6  84.0  13.700254  20.284683  -9.337614  0.432353591296
108.3  92.2  14.883392  18.660248  -7.89944  0.396033593344
41.6  282.0  0.931185  19.503937  -9.01647  0.999998000001
111.4  328.7  1.05892  19.44644  -7.923472  1.0
153.2  167.7  10.700644  22.870472  -10.691104  0.512017526916
121.3  102.4  1.113243  19.679379  -8.112506  1.000002
57.0  5.5  1.136999  20.477991  -8.513958  1.0
21.7  358.9  0.840307  20.273535  -9.400978  1.000002
73.8  242.3  1.026598  19.637899  -8.159642  0.999998000001
63.9  49.4  1.013367  21.577286  -8.333298  0.999998000001
104.9  216.0  0.89945  20.903849  -7.895624  0.999998000001
135.8  277.7  15.84457  20.096739  -9.041094  0.4045087201
88.4  99.6  7.218859  26.932455  -11.781396  0.59706529
105.2  285.1  1.024233  20.083206  -7.895546  0.999998000001
136.4  59.3  0.994696  19.894825  -8.719082  0.999998000001
78.8  311.6  1.13945  21.523479  -8.099922  0.999998000001
69.5  289.1  0.929436  19.416092  -8.223588  1.0
12.2  145.5  0.981407  22.010754  -9.413372  1.0
121.4  227.3  1.014744  20.625862  -8.117142  1.000004
59.4  224.5  1.005398  19.664074  -8.446028  0.999998000001
77.6  333.1  0.819162  20.369549  -8.113104  1.000002
153.9  240.6  1.050596  17.689987  -9.43308  1.0
21.9  354.9  0.930251  17.092361  -9.399834  1.0
123.6  149.2  0.928221  19.126318  -8.185662  0.999998000001
101.0  141.7  0.872593  21.185261  -7.906126  0.999998000001
112.7  317.5  0.925575  20.576555  -7.937744  1.000002
176.8  63.6  0.977516  21.03793  -9.74285  1.000002
132.0  292.7  1.143038  21.092724  -8.519824  1.000004
139.6  213.2  10.944929  26.243006  -9.909648  0.608863408209
79.9  152.7  0.925743  19.687664  -8.087858  0.999996000004
150.3  52.8  0.957079  19.446741  -9.318296  0.999998000001
98.3  217.6  1.111198  19.900236  -7.921738  1.000004
7.2  115.8  1.230824  17.766558  -9.403244  0.999998000001
106.0  273.3  10.684307  19.77841  -7.028884  0.589125327025
149.6  246.4  1.149155  18.47477  -9.294286  1.0
153.0  27.9  0.930636  19.437775  -9.408026  1.000004
15.4  322.1  0.997856  20.248201  -9.416416  1.000002
56.3  4.6  1.065442  18.99538  -8.533062  0.999998000001
24.1  27.7  1.031039  19.338505  -9.383662  1.0
81.1  319.6  0.944862  19.380703  -8.075556  1.000002
90.9  289.7  1.021534  18.65436  -7.981364  1.0
14.3  209.4  13.790552  16.027647  -6.565016  0.475255814544
144.6  3.5  0.8484  20.79718  -9.093072  1.000002
112.8  162.7  1.009462  21.011011  -7.938486  0.999998000001
100.8  124.3  1.050924  20.765087  -7.906804  1.0
121.6  220.4  1.042194  21.432281  -8.122172  1.000002
121.0  239.6  1.03763  19.134441  -8.106536  1.000002
76.3  256.7  1.172516  21.263863  -8.12766  0.999998000001
15.0  62.4  10.762611  24.382132  -11.298242  0.551719157284
55.3  321.1  0.859331  20.14271  -8.563522  1.0
45.3  153.9  0.930399  21.94054  -8.893458  0.999998000001
62.8  341.4  1.008345  20.843391  -8.358074  1.000002
26.3  198.4  1.080596  19.599308  -9.361308  1.0
51.9  209.5  1.089497  20.869976  -8.674036  1.000004
44.7  255.8  1.018032  18.608253  -8.91548  1.000002
77.3  2.2  1.203402  19.412289  -8.116386  1.000002
125.2  221.7  1.020741  18.793505  -8.24036  1.000002
145.9  224.0  1.045  21.201328  -9.146832  1.000002
84.7  327.5  0.932875  21.479807  -8.040028  1.0
76.7  265.2  0.823277  19.467529  -8.123198  1.0
83.9  188.9  0.963659  18.900934  -8.04736  1.0
101.3  272.9  0.938353  21.059299  -7.90485  1.0
121.1  329.1  1.076109  19.004269  -8.108066  1.0
15.9  208.0  0.957509  18.85331  -9.416384  0.999998000001
122.1  102.7  0.982174  20.899837  -8.1381  1.0
114.8  31.4  17.378164  16.935373  -7.212412  0.394224504129
68.8  316.1  1.06587  18.947168  -8.235186  0.999998000001
56.1  0.6  0.803774  20.480228  -8.540262  1.0
34.3  110.9  18.425556  16.51775  -7.318102  0.3674056996
127.4  144.9  0.966824  20.204124  -8.32516  1.000004
52.8  284.6  0.985699  21.092886  -8.64267  1.0
84.4  265.4  1.029833  19.187143  -8.04282  0.999998000001
155.4  76.9  0.941137  21.355101  -9.478132  1.000002
125.7  33.3  0.892059  21.232868  -8.258928  0.999998000001
86.6  211.4  1.076439  19.668903  -8.021862  1.0
25.3  207.7  1.226023  20.513315  -9.371866  1.0
56.2  113.6  8.996378  24.388762  -11.238884  0.567931046544
112.6  174.0  0.9566  18.73934  -7.936042  1.000002
134.7  168.1  0.993378  21.795444  -8.644042  1.000004
93.2  143.8  0.970034  20.762945  -7.961636  1.000002
64.9  41.0  0.899979  20.46242  -8.310748  1.0
108.9  169.0  0.868811  19.109612  -7.904692  1.000002
115.3  264.7  0.868826  19.227348  -7.97493  1.0
174.2  145.8  0.9328  20.367279  -9.735698  1.0
11.5  108.1  0.965845  22.929804  -9.412096  1.0
99.9  51.5  1.029556  21.134977  -7.911946  1.0
125.9  224.0  0.908597  17.96703  -8.266924  0.999998000001
15.2  313.0  7.707737  22.409273  -11.034176  0.6825238225
81.1  249.3  0.74662  18.865841  -8.075146  1.000002
68.6  219.9  0.946182  19.812208  -8.239894  0.999998000001
98.3  120.6  1.041172  20.347755  -7.921202  0.999996000004
98.2  207.6  0.997492  20.484581  -7.922432  0.999998000001
77.1  69.1  1.020809  19.358027  -8.11831  0.999998000001
98.1  84.0  1.10714  20.446209  -7.923  1.0
128.3  270.8  0.940838  21.608429  -8.3626  1.0
82.4  25.1  0.944143  21.506351  -8.061884  1.0
75.2  307.1  0.877611  19.997065  -8.141096  0.999998000001
118.8  274.1  0.904615  19.48233  -8.047472  0.999998000001
32.1  46.5  9.400663  23.79586  -11.033152  0.612692866009
61.5  125.2  0.815887  21.00243  -8.390638  0.999998000001
93.9  220.2  1.116283  21.879614  -7.955044  1.0
25.3  76.4  1.144814  19.737192  -9.372434  0.999996000004
102.5  204.9  1.051155  20.45191  -7.900166  1.000002
25.7  310.7  1.030392  19.70439  -9.36779  1.000004
151.9  173.7  0.986834  21.321842  -9.373412  0.999998000001
132.9  12.2  1.149447  18.304045  -8.560606  0.999998000001
71.8  100.5  1.057493  17.786652  -8.188004  0.999998000001
51.9  38.1  0.978632  19.409624  -8.672918  1.0
69.4  291.6  1.189324  17.550556  -8.225378  1.0
126.9  97.5  1.043482  19.832273  -8.306254  0.999998000001
110.3  191.5  0.844213  19.29969  -7.913554  1.0
155.5  272.4  0.918293  19.405502  -9.478722  0.999998000001
92.4  321.6  0.861958  20.461506  -7.968432  1.000002
56.4  252.4  0.867432  21.784401  -8.532014  0.999996000004
121.8  61.0  0.945038  19.375469  -8.12777  1.0
84.0  6.3  1.005674  20.339945  -8.046194  1.0
128.2  339.7  1.057551  18.570763  -8.356362  1.0
52.8  353.9  0.868271  19.329058  -8.64368  0.999998000001
48.5  255.5  1.020311  19.069935  -8.7859  1.0
122.2  127.3  1.024021  19.269966  -8.14086  1.000002
90.1  324.1  0.967407  21.282463  -7.98928  1.000002
119.9  152.4  0.960127  18.366083  -8.075328  1.000002
119.5  133.7  14.115168  21.463968  -8.412636  0.498753750625
38.5  188.0  1.096228  20.125471  -9.108368  1.0
96.5  64.2  1.004108  19.480978  -7.934448  1.0
87.3  52.8  0.95546  19.504442  -8.014718  0.999998000001
70.4  154.8  1.033049  20.917931  -8.209016  1.0
138.4  199.8  0.979294  20.739138  -8.813346  1.000002
111.7  175.7  0.951641  19.754211  -7.926532  1.0
116.4  82.0  0.930727  19.035894  -7.9942  0.999998000001
17.1  243.3  9.771965  22.144056  -8.996876  0.478742215744
10.4  192.6  0.962175  22.07782  -9.41003  1.0
92.8  321.4  1.162348  19.100719  -7.964428  1.0
106.6  146.4  1.033932  20.343822  -7.896554  1.0
91.5  19.3  1.160801  20.190434  -7.975844  1.0
34.3  320.1  0.828171  21.293873  -9.219562  1.0
120.7  19.1  0.978071  20.869385  -8.095758  1.000002
155.7  337.6  1.07051  18.937193  -9.485078  1.000002
146.8  212.0  1.239268  19.220465  -9.18672  1.0
92.7  10.2  0.922617  19.625614  -7.965436  1.0
83.8  224.1  0.863234  21.386482  -8.048448  1.000002
66.7  305.1  0.998661  19.957626  -8.274666  1.0
149.2  164.5  0.837721  19.077574  -9.276254  1.000002
72.0  156.5  1.015856  20.711653  -8.1841  0.999998000001
109.2  96.3  0.970474  21.160437  -7.90622  0.999998000001
105.7  206.8  1.066139  19.523294  -7.89567  1.0
83.2  308.5  1.163773  18.486422  -8.054236  1.0
148.2  24.8  1.109647  18.356043  -9.241782  1.0
65.7  352.5  1.071066  21.18512  -8.29411  1.000002
5.8  179.3  1.219078  19.470898  -9.400488  1.000004
160.7  124.5  0.962822  21.790936  -9.598684  1.0
55.5  277.2  1.045593  20.468351  -8.556978  0.999998000001
44.3  357.7  1.015411  20.376762  -8.926172  1.0
78.9  77.6  0.984833  19.948906  -8.098612  1.000002
129.6  147.3  0.837091  20.046907  -8.415128  0.999996000004
33.7  88.4  1.016467  19.882151  -9.232996  1.0
69.1  332.4  1.135349  19.916492  -8.23029  1.0
52.8  281.9  0.92037  20.762257  -8.64256  1.0
147.7  166.6  0.869617  19.655893  -9.219034  1.0
51.9  159.4  15.951658  16.092052  -7.796148  0.378149973721
87.5  111.8  0.931335  21.704536  -8.013344  1.000002
130.2  170.4  1.054818  18.722868  -8.439114  1.000002
67.8  20.5  1.001017  21.546408  -8.25396  0.999998000001
43.7  271.8  0.991848  22.060785  -8.945956  1.0
73.9  267.9  22.085712  18.413422  -6.132244  0.4737293584
103.4  345.9  1.103342  18.543062  -7.89772  0.999998000001
120.7  320.5  1.129623  19.187006  -8.09694  0.999998000001
18.7  210.9  0.966653  19.0856  -9.412922  1.0
38.0  167.4  0.954851  19.761129  -9.12148  1.0
54.4  289.4  1.026611  19.358885  -8.591118  1.000004
82.9  107.5  0.861952  20.18552  -8.056948  1.000002
112.8  235.3  0.970257  19.872026  -7.93836  1.0
94.8  246.7  0.880436  21.414766  -7.947806  1.0
40.4  340.9  1.042148  18.948875  -9.050636  0.999998000001
32.0  175.8  1.163435  19.180449  -9.269962  0.999996000004
131.5  114.7  17.362608  15.862562  -6.904602  0.330559453249
133.7  96.5  0.981705  21.922783  -8.593848  1.0
72.4  146.2  0.996819  16.793037  -8.179504  0.999998000001
119.5  347.7  0.957613  21.438007  -8.06362  0.999998000001
133.8  190.0  1.007481  21.781662  -8.60208  1.000002
11.1  239.6  0.823917  19.794693  -9.411424  1.000002
103.2  67.7  1.072866  20.595432  -7.898084  0.999998000001
145.2  260.3  0.834637  20.592773  -9.120566  0.999998000001
96.4  245.0  0.949032  20.057396  -7.934654  0.999998000001
55.7  90.4  0.965793  18.960678  -8.552522  0.999998000001
80.6  7.0  1.044342  20.871569  -8.081014  0.999996000004
104.0  245.9  1.055931  20.266884  -7.896586  1.0
63.8  34.9  11.795366  17.118294  -7.735922  0.367283269521
113.9  4.3  0.997084  19.936247  -7.953026  1.0
109.0  302.7  0.987831  19.936872  -7.905148  0.999998000001
76.2  230.1  1.068754  20.076847  -8.129522  0.999998000001
118.9  166.3  0.983725  20.187977  -8.049142  1.0
130.6  220.1  0.955553  21.198599  -8.456572  1.0
90.2  227.1  1.070913  19.968052  -7.988034  1.0
28.4  195.4  0.965994  19.883987  -9.333466  1.000004
63.8  25.6  7.235878  26.422567  -11.449948  0.617294633761
74.7  13.3  1.116892  18.818821  -8.147144  1.000002
28.4  255.8  1.130289  19.967941  -9.332236  1.0
39.5  157.0  1.097086  19.930767  -9.07925  1.0
137.1  5.2  0.940838  19.781294  -8.753068  0.999998000001
145.3  86.5  0.922798  20.463228  -9.12372  1.000002
149.4  49.2  1.102835  20.372784  -9.284636  1.00000600001
21.0  257.2  1.04634  19.183638  -9.40425  1.000002
111.2  195.2  1.011326  21.822239  -7.921422  1.000002
37.1  105.0  0.987165  18.698751  -9.146776  1.0
69.1  309.6  1.008732  19.337885  -8.22999  1.0
133.6  169.3  0.97426  19.618402  -8.59279  0.999998000001
92.3  180.2  1.041058  18.350979  -7.969512  0.999996000004
114.6  278.2  1.046545  18.979849  -7.96307  1.0
92.7  357.9  1.097935  20.801846  -7.965278  1.0
64.5  46.0  15.681997  18.641857  -8.155084  0.442819709809
96.0  46.2  0.932489  20.632069  -7.93776  0.999996000004
115.2  302.1  0.951597  19.923777  -7.972738  1.0
6.1  42.4  16.112734  16.585047  -8.259228  0.391216473729
74.3  79.8  9.205362  19.345636  -6.439456  0.584633039769
157.3  250.1  1.128639  20.563616  -9.524636  1.0
68.1  48.7  8.232502  22.780027  -9.624136  0.582959736324
109.4  222.2  0.810583  17.141546  -7.907538  1.0
102.7  257.2  1.058374  21.50893  -7.899456  0.999996000004
114.7  245.7  1.01409  19.641821  -7.964932  0.999998000001
81.5  229.6  0.927975  20.655838  -8.071094  1.0
84.3  166.1  0.997484  17.959272  -8.043244  1.0
71.4  203.4  16.39027  18.148542  -6.988402  0.425332230625
125.5  116.0  0.943903  18.876171  -8.253496  1.0
41.0  66.9  1.083569  18.831623  -9.033824  0.999998000001
122.3  319.7  0.851858  20.948788  -8.143414  1.0
122.9  183.9  1.054707  20.997871  -8.16155  1.00000600001
45.9  111.3  1.079689  19.785759  -8.87313  0.999994000009
95.8  63.2  0.910118  20.424677  -7.939732  1.000002
134.3  274.2  0.778228  18.411585  -8.624812  0.999998000001
76.2  284.2  1.062603  18.73476  -8.129528  1.0
85.0  134.7  1.224478  19.932589  -8.037048  1.0
29.5  180.7  1.12284  19.452662  -9.315774  1.0
60.8  267.0  0.956341  17.772686  -8.408702  1.000002
61.1  305.0  1.084085  17.158855  -8.399972  0.999998000001
101.8  344.5  0.880592  20.101604  -7.902704  1.0
133.0  244.2  1.157795  20.232084  -8.564484  1.000002
34.0  84.2  1.180094  20.957821  -9.226216  1.0
128.0  69.0  1.090748  19.205383  -8.347444  1.0
144.9  44.3  10.886303  19.093311  -9.223504  0.477167337529
50.8  300.9  0.957793  18.316063  -8.709298  0.999998000001
138.4  192.9  1.125978  20.817089  -8.816044  1.0
25.6  300.9  0.962395  20.004349  -9.369092  0.999996000004
93.1  192.8  21.45776  10.250135  -4.764404  0.170554132324
161.3  174.7  0.96705  20.133478  -9.60809  1.0
90.4  288.0  11.348206  22.303829  -8.330666  0.530933737104
119.8  156.1  18.168148  12.88831  -4.614544  0.317929077904
135.1  314.7  1.135691  20.355581  -8.662888  1.0
113.7  20.0  0.987411  19.622791  -7.950708  0.999998000001
132.9  33.9  0.99859  20.000196  -8.557766  1.0
128.1  11.1  0.945488  20.457951  -8.354304  1.0
65.8  30.1  11.326708  21.974182  -9.627858  0.490941251584
57.4  320.3  1.025267  21.325176  -8.500286  1.0
169.0  331.6  0.890829  22.087091  -9.705808  1.0
92.1  326.1  0.894882  20.212646  -7.971288  0.999998000001
48.6  166.6  1.111098  17.771839  -8.784236  1.0
62.5  148.6  1.076365  20.125824  -8.365044  1.000002
20.1  93.4  1.024591  19.690269  -9.408444  1.0
82.2  158.9  0.97263  19.986614  -8.064014  1.0
121.2  118.3  1.093618  18.690483  -8.11055  0.999996000004
119.5  82.4  1.027768  17.313042  -8.06388  1.000002
136.0  127.3  14.342258  20.382992  -8.145732  0.494836274916
83.1  347.4  14.227587  20.519518  -9.288696  0.468122798025
62.8  184.9  0.968637  19.16946  -8.359114  0.999998000001
121.0  116.3  0.795378  19.747889  -8.104968  1.0
65.2  79.7  1.038099  22.367605  -8.304992  1.000002
85.8  214.8  1.21064  20.405899  -8.029274  1.0
63.4  94.2  0.885056  18.839191  -8.344558  0.999998000001
135.2  59.9  1.06761  22.448929  -8.667146  0.999996000004
104.6  196.0  0.999086  17.645428  -7.89582  0.999996000004
47.6  287.0  1.076952  19.894657  -8.815248  0.999998000001
96.9  83.0  0.803257  19.413464  -7.930964  0.999998000001
128.0  182.2  0.94705  19.437737  -8.350014  1.0
67.0  149.2  0.963739  21.799156  -8.268816  1.0
98.4  243.2  1.071732  18.540085  -7.921012  1.0
86.2  41.8  0.903727  20.573257  -8.025692  1.0
42.7  243.7  1.057833  20.6171  -8.98057  1.000002
149.7  315.4  1.022393  19.574158  -9.295154  0.999996000004
62.4  321.6  1.079348  18.552568  -8.369364  0.999998000001
62.6  267.9  21.446968  16.916899  -6.742946  0.359521359201
149.0  113.8  0.909461  19.395657  -9.270704  1.0
21.6  298.3  1.02174  20.865252  -9.401222  0.999996000004
96.7  156.5  0.844128  19.372011  -7.932652  0.999998000001
142.7  193.6  1.129463  18.725992  -9.012322  0.999996000004
62.0  349.9  1.008974  20.122978  -8.377234  1.000002
91.6  83.7  1.249479  20.13657  -7.975308  1.000002
49.6  334.8  1.050356  20.839956  -8.750456  1.0
47.7  280.1  0.999453  21.589241  -8.813284  1.000002
12.3  184.1  0.917141  20.192053  -9.413476  1.0
109.3  273.2  1.135399  17.151808  -7.907096  0.999998000001
119.8  234.4  1.000967  20.112827  -8.07368  0.999998000001
97.3  141.5  0.815128  19.632547  -7.928378  1.0
66.6  172.4  0.925407  20.136032  -8.27708  1.000002
52.1  224.2  0.981291  20.321833  -8.664732  1.000004
106.2  332.7  1.046656  18.77309  -7.896112  0.999996000004
132.0  202.4  0.919403  22.555668  -8.51801  0.999994000009
128.6  185.6  0.96867  22.362381  -8.371098  1.0
49.0  60.2  1.017687  21.079731  -8.771084  0.999998000001
143.2  69.5  0.977983  19.845131  -9.032902  1.000002
105.7  14.3  1.089035  19.926369  -7.89564  1.000004
74.9  213.7  1.153345  20.532906  -8.145544  1.0
91.2  102.5  1.040403  20.213062  -7.979108  1.0
139.2  357.2  0.972692  19.616699  -8.849712  0.999998000001
60.2  208.0  0.885599  20.338692  -8.424448  0.999998000001
40.0  23.4  0.86657  19.162848  -9.06344  0.999996000004
18.0  185.3  1.131247  19.741537  -9.414248  0.999998000001
143.5  228.8  1.115343  19.356581  -9.048444  0.999998000001
54.3  121.7  0.837887  20.527166  -8.593784  0.999998000001
58.0  126.0  0.992887  20.080097  -8.484626  1.0
97.7  314.0  1.025877  18.793457  -7.925286  1.000004
140.4  270.5  0.893581  19.990517  -8.907462  1.0
63.0  246.4  1.072342  19.318558  -8.354564  0.999998000001
79.6  262.0  0.968393  22.107117  -8.090948  1.0
61.4  190.4  0.950506  20.529627  -8.3916  1.0
130.9  180.9  8.402319  25.140293  -11.401172  0.589406281984
13.5  22.9  0.964561  19.15704  -9.415146  1.0
100.2  224.1  12.315229  24.877604  -10.311762  0.510103066225
72.0  316.9  0.929352  20.570774  -8.185298  1.0
105.8  99.1  1.015142  20.24579  -7.89567  1.000002
141.0  159.5  0.874704  22.661877  -8.933608  1.000002
66.2  93.6  1.132904  20.590359  -8.284396  1.000002
85.2  14.1  9.886902  24.691498  -10.281026  0.528642418084
58.5  306.8  1.11442  19.222979  -8.47067  1.0
17.9  2.7  0.944401  18.821714  -9.414554  1.0
26.7  42.4  0.750361  19.486856  -9.355568  0.999998000001
65.4  127.1  0.953377  20.528885  -8.300056  0.999998000001
151.3  166.8  1.114547  19.724493  -9.351618  1.000002
83.1  202.3  0.932892  20.913954  -8.054946  1.000002
82.1  150.9  0.922863  20.252569  -8.06499  1.0
69.6  290.8  0.856413  18.878429  -8.222066  1.00000600001
75.4  27.1  1.079988  19.718103  -8.13832  0.999996000004
20.8  23.6  0.940362  20.135122  -9.405236  1.0
36.2  336.2  0.94249  20.828842  -9.1711  1.000002
46.6  177.5  1.005306  19.47398  -8.849264  1.000002
65.2  26.0  1.075714  19.095058  -8.305172  1.0
89.8  57.5  1.077631  20.88336  -7.991678  1.000002
82.9  34.0  0.939865  20.018341  -8.0578  1.0
128.7  71.6  1.171535  19.079016  -8.375696  0.999998000001
114.4  104.5  1.059456  18.925024  -7.960154  1.000002
81.1  183.3  0.892548  20.891941  -8.075856  1.0
171.7  152.7  1.149564  19.469343  -9.723864  1.0
90.8  259.7  1.08847  19.878437  -7.982342  1.000002
33.8  277.0  15.875994  21.709019  -9.854138  0.452482238224
69.7  136.3  1.234396  20.555998  -8.220796  1.0
88.8  295.3  0.969582  20.709549  -8.000636  1.0
75.7  12.2  11.180939  20.368942  -8.835788  0.494697002409
79.4  102.9  1.022263  18.280313  -8.09352  1.0
131.5  60.1  0.914967  20.674431  -8.498394  1.0
145.0  207.8  9.770247  22.907652  -10.00053  0.462662517249
136.9  153.7  0.973174  18.934135  -8.743172  0.999998000001
45.8  241.6  1.084433  22.002293  -8.877342  1.000002
130.6  198.4  1.03554  18.458336  -8.456562  1.0
66.7  67.8  0.93936  20.226776  -8.275596  0.999998000001
29.2  331.9  0.885861  20.023424  -9.321072  1.000002
153.3  74.6  1.044581  18.774389  -9.415232  1.000002
34.6  46.2  1.204966  19.427818  -9.210644  1.000002
70.0  83.5  1.07593  19.993916  -8.214962  1.0
123.7  203.0  0.872782  18.990734  -8.187412  1.000002
66.3  186.3  0.837976  22.282495  -8.28356  1.000004
13.3  158.9  1.059057  20.223873  -9.41498  0.999996000004
131.3  205.9  0.858776  20.446926  -8.487858  1.0
81.2  238.3  12.769382  22.2995  -9.325644  0.508029668644
100.5  330.2  1.161861  18.72707  -7.908342  0.999998000001
170.3  92.3  1.027079  19.162161  -9.715238  0.999998000001
23.2  81.2  1.080039  20.085316  -9.39072  1.000002
144.9  133.5  0.899555  20.885622  -9.105388  1.0
126.0  320.5  0.827095  19.858835  -8.27175  0.999996000004
147.2  63.2  1.121272  18.803888  -9.202656  1.000002
78.9  30.7  0.948755  19.141609  -8.098888  0.999998000001
114.0  198.0  0.910412  20.305773  -7.953924  0.999998000001
64.5  74.3  1.165186  19.040035  -8.320674  1.0
43.5  308.5  1.029615  19.914669  -8.954676  1.0
65.9  278.1  1.132176  18.536833  -8.29024  1.0
50.1  52.5  0.976431  19.79431  -8.733252  1.0
94.4  71.4  1.055046  19.834419  -7.950944  1.0
129.6  303.1  0.957735  18.915787  -8.416642  1.000004
13.9  342.7  0.982743  18.44866  -9.415564  1.0
84.0  338.1  1.006145  19.834608  -8.04673  0.999998000001
42.5  344.0  1.051973  20.970043  -8.986184  1.0
113.2  305.2  1.186562  19.843624  -7.94391  1.000002
67.3  210.6  11.978052  20.397203  -8.041494  0.491297257476
70.8  15.1  0.969254  19.728127  -8.20364  0.999998000001
18.7  58.2  0.947607  21.441231  -9.412774  0.999998000001
127.7  311.0  0.827694  18.689793  -8.338368  1.0
118.2  105.6  0.947298  18.54566  -8.033468  1.0
81.1  277.3  0.90546  21.103687  -8.075746  0.999998000001
64.9  72.6  0.987867  19.627193  -8.3116  0.999998000001
20.9  219.3  1.04674  20.822474  -9.404856  1.0
45.0  160.4  1.093897  19.735298  -8.904314  1.000002
73.6  53.6  0.991779  21.127995  -8.161598  0.999998000001
112.3  124.7  0.931721  19.959538  -7.93213  1.000002
98.0  354.0  0.890114  19.403694  -7.92371  1.0
60.3  211.5  0.984667  21.036459  -8.420964  1.0
72.1  171.3  1.020151  19.439152  -8.183502  1.0
113.0  2.8  0.968878  18.401312  -7.940614  1.0
143.6  49.1  8.450846  27.501518  -11.559122  0.637145589796
121.7  45.1  1.240828  19.494446  -8.125548  1.0
44.7  134.8  1.063511  20.370043  -8.915788  1.0
21.1  54.8  1.152596  20.026766  -9.403966  1.000002
98.3  32.0  1.110569  18.919926  -7.921234  1.0
111.0  122.0  1.054171  19.641287  -7.919814  1.000002
108.8  355.3  0.939219  20.363361  -7.904266  1.0
107.9  329.4  0.914595  20.105778  -7.900322  0.999998000001
100.8  83.8  0.874811  19.661535  -7.90693  1.000002
46.7  21.5  1.024845  19.589666  -8.846242  0.999998000001
106.0  103.4  1.081158  20.446604  -7.895892  1.0
152.0  268.6  0.866865  21.493275  -9.376644  0.999998000001
111.9  188.7  0.784802  18.281715  -7.928014  0.999998000001
125.3  86.5  0.989864  19.711166  -8.245178  1.0
152.7  159.4  1.069238  19.612209  -9.396798  1.000002
108.9  294.6  0.828314  20.831549  -7.904612  1.0
89.9  249.5  0.875269  19.387289  -7.990542  1.0
160.3  121.3  16.981354  11.921585  -6.656164  0.402705737281
42.8  176.7  1.153973  19.759354  -8.975902  0.999996000004
47.1  69.9  11.799713  19.81163  -10.07427  0.635205812004
27.5  91.8  1.019136  20.424028  -9.345562  0.999998000001
43.0  211.0  1.015076  20.654455  -8.970714  1.000002
104.6  30.0  0.857628  17.83972  -7.895836  1.0
82.6  212.9  12.77393  16.978767  -7.018018  0.415269403396
92.6  118.4  1.067205  20.250328  -7.966414  1.0
87.3  299.0  1.218056  19.921932  -8.015064  1.0
66.9  166.6  0.961481  18.847189  -8.271632  1.0
11.3  43.8  0.960892  19.201883  -9.411708  1.0
104.3  146.8  1.032461  20.180166  -7.896128  1.000002
119.8  146.7  1.025213  20.052299  -8.072482  1.0
88.9  343.7  0.874878  20.309942  -7.999784  1.0
75.0  327.3  15.463582  12.498904  -4.958782  0.329627553424
116.0  42.2  0.786173  20.066637  -7.988476  1.000002
127.1  78.3  1.016918  19.126442  -8.313248  1.0
124.3  23.7  1.060867  18.700455  -8.210594  0.999998000001
128.1  210.5  9.080322  25.765734  -11.956804  0.629969214436
78.8  228.1  18.87813  17.123749  -5.963034  0.509921671744
128.8  341.5  12.93635  20.333542  -7.989896  0.454362276096
130.5  297.7  0.901413  18.752708  -8.45169  1.0
91.5  150.9  1.036617  19.207792  -7.976238  1.000002
95.8  183.2  1.024607  19.676388  -7.939212  0.999996000004
81.6  203.8  0.948929  19.62348  -8.069944  1.0
45.8  128.7  1.051775  18.21278  -8.87899  1.0
68.0  255.8  1.021782  20.326832  -8.251074  0.999998000001
77.4  151.6  0.964308  19.185375  -8.115336  0.999998000001
161.0  341.8  1.185643  20.238548  -9.603146  1.0
153.8  53.7  0.835497  21.48749  -9.431572  1.000002
77.3  233.3  8.961578  21.255877  -8.676892  0.594391657024
70.2  149.1  0.931925  22.507431  -8.212834  1.0
156.5  86.1  1.022272  21.203808  -9.505508  1.000002
44.8  175.4  11.928032  27.922541  -12.279596  0.573735047209
83.7  272.7  1.092346  18.877308  -8.049522  1.000002
13.6  300.7  1.162538  19.553522  -9.415256  1.0
69.2  230.7  0.957138  19.747917  -8.229502  1.000002
110.0  33.8  0.822504  19.811956  -7.911284  0.999998000001
108.6  125.9  10.232037  23.774273  -9.14863  0.560810770129
77.8  76.1  1.018667  19.745167  -8.110928  1.0
66.7  267.2  0.973993  19.775745  -8.274414  1.0
71.5  60.4  0.985395  20.765249  -8.19249  1.000002
12.3  117.1  1.004892  20.26597  -9.41357  1.000002
111.0  89.5  10.704693  19.98267  -8.387342  0.513592955716
161.3  88.5  10.898468  20.033957  -9.15038  0.564573407161
40.4  133.6  0.889305  19.619125  -9.05259  0.999996000004
162.1  58.8  0.857292  20.95463  -9.62177  1.000002
30.5  224.9  1.164255  20.174959  -9.2983  1.0
64.4  29.9  0.879734  20.992767  -8.322876  1.000004
135.0  307.1  0.894827  22.352055  -8.658078  0.999998000001
51.7  216.1  1.007929  20.194202  -8.679288  0.999996000004
118.0  335.9  7.354937  22.56448  -10.401996  0.602396404164
123.2  312.1  0.976368  19.764618  -8.171532  1.0
82.1  269.9  1.246552  19.294823  -8.065418  1.000002
123.1  95.7  0.900002  19.223135  -8.16885  0.999998000001
94.8  11.1  0.950743  20.885937  -7.947586  1.0
82.5  201.1  12.760309  24.239075  -9.929502  0.5727765124
58.2  341.5  1.11097  20.813683  -8.478696  1.0
80.7  31.0  1.032448  20.166389  -8.07912  1.000004
30.5  185.8  1.076277  20.059389  -9.298284  1.0
61.0  188.3  1.059462  19.495026  -8.403434  1.000004
72.7  237.1  0.961688  18.318598  -8.174946  1.0
64.1  36.5  1.046391  19.366199  -8.329332  1.0
136.0  99.6  12.904816  19.776066  -7.881936  0.449900196516
132.2  346.9  1.061739  20.337616  -8.525958  0.999998000001
156.7  261.9  0.975619  20.013769  -9.511192  1.0
114.3  280.1  0.998129  19.836214  -7.959066  1.000002
89.0  282.5  12.968561  24.026197  -9.839756  0.572728076944
105.4  3.3  0.824333  18.858055  -7.89549  1.000004
82.9  131.9  1.090454  19.601732  -8.057028  1.000002
75.4  101.8  10.002939  26.975567  -10.76702  0.5471856784
62.3  46.4  0.930901  19.140882  -8.370374  0.999996000004
30.7  288.4  0.910082  20.083912  -9.294042  0.999998000001
160.0  211.6  0.981833  17.910408  -9.583934  1.000002
41.8  333.4  1.027899  20.237244  -9.00749  1.0
15.0  353.5  0.973923  21.413118  -9.416338  0.999998000001
76.1  23.7  0.878826  21.279594  -8.130546  1.000004
89.6  211.6  0.883301  18.786036  -7.99394  1.000002
96.0  225.4  0.980316  19.033436  -7.938092  0.999998000001
139.9  272.6  0.75906  20.026203  -8.883768  1.000002
70.3  246.6  0.989565  20.451834  -8.210626  1.0
83.7  122.2  0.99069  19.93602  -8.049884  1.000004
136.0  186.1  1.001518  21.062031  -8.700924  1.0
49.2  300.5  0.988491  19.764366  -8.764114  1.0
109.7  151.0  1.005499  19.71423  -7.909816  1.000002
168.9  97.9  1.09669  19.095737  -9.70468  1.0
91.7  62.3  18.210089  11.33045  -4.515966  0.292956975025
99.2  141.8  0.940329  19.137665  -7.91554  0.999998000001
103.7  116.6  1.243387  19.123016  -7.897184  0.999998000001
101.7  282.4  8.728176  24.806301  -9.767326  0.612210788721
14.2  350.0  0.860546  20.518082  -9.415848  1.0
53.4  153.1  1.126436  20.094696  -8.622674  1.0
48.3  203.1  1.029345  21.488295  -8.792484  1.0
106.7  27.9  1.015821  20.752653  -7.896822  1.000002
166.0  334.4  1.141449  20.548376  -9.677098  1.0
79.6  169.9  14.666702  20.364449  -8.606638  0.496496390625
40.2  168.8  15.17453  12.291374  -5.527  0.282851658244
140.3  62.0  1.011126  20.865971  -8.901122  1.0
40.4  34.6  1.101428  19.286135  -9.053364  1.0
89.5  101.4  1.076921  18.074913  -7.994658  0.999998000001
104.6  4.8  0.902773  19.782503  -7.895844  0.999998000001
144.2  121.7  0.885485  22.693592  -9.078974  0.999998000001
138.6  258.4  1.103825  19.219595  -8.822974  1.000004
97.5  87.1  1.295496  19.463741  -7.926596  0.999996000004
70.1  226.3  1.072046  21.599894  -8.214364  0.999998000001
27.9  269.1  14.376831  20.477926  -8.881126  0.461114334916
128.0  276.8  1.018969  18.615225  -8.348068  1.0
84.9  8.9  1.074427  21.591198  -8.037726  0.999998000001
112.7  238.2  0.84202  19.613804  -7.937004  1.0
41.4  93.0  15.097148  12.701015  -5.579498  0.331869318561
18.2  359.2  0.871407  20.45484  -9.413972  1.0
74.3  9.3  1.097048  19.174213  -8.15268  1.000002
113.9  27.2  1.00675  20.439461  -7.953608  0.999996000004
34.4  170.2  0.775217  20.234404  -9.215714  0.999998000001
116.8  153.4  1.115744  20.082329  -8.003772  1.000002
84.2  257.2  0.918711  20.667791  -8.044238  1.0
12.7  51.2  1.014827  18.327065  -9.414176  1.0
96.7  236.0  1.156275  20.773315  -7.933014  1.0
43.4  127.2  0.893635  18.850128  -8.95798  0.999998000001
137.8  200.4  0.961912  21.516651  -8.78452  1.000002
67.7  177.2  0.795652  19.35697  -8.256106  0.999994000009
44.1  97.7  1.169323  20.520117  -8.932914  1.0
42.1  26.3  14.88706  17.837097  -8.87865  0.434428628544
114.7  67.0  0.998909  20.742996  -7.964584  1.0
152.8  160.6  0.796551  20.142754  -9.400466  1.0
105.6  189.7  1.231363  18.637383  -7.895552  1.0
108.6  352.8  1.059673  21.744291  -7.903288  0.999998000001
92.7  199.4  13.382576  20.841583  -6.987252  0.605562556041
111.7  257.8  0.875277  20.557993  -7.926706  0.999998000001
112.0  213.5  1.01128  20.726597  -7.92904  1.000002
84.3  134.1  0.997578  19.547377  -8.044112  1.0
35.1  59.0  1.036797  20.45385  -9.199604  0.999998000001
60.1  305.5  1.056356  20.651571  -8.427254  0.999998000001
64.7  179.2  1.010258  18.594656  -8.31525  1.000002
86.0  255.0  1.084635  19.402908  -8.027506  1.000002
41.5  150.0  1.068653  19.736559  -9.019388  1.0
133.6  294.7  0.987736  20.775732  -8.590772  0.999998000001
130.7  222.0  0.85895  20.540361  -8.46247  1.0
53.6  135.9  1.074966  20.360382  -8.61673  0.999998000001
86.1  118.6  1.027264  19.470242  -8.02675  1.0
142.5  99.7  0.907749  19.686731  -9.00245  0.999998000001
108.1  158.7  16.70644  16.854538  -6.884274  0.420801310864
146.1  351.9  1.221663  20.025616  -9.156388  1.0
88.3  344.1  0.922249  20.64875  -8.006138  1.0
68.2  237.0  1.145584  20.125351  -8.24595  1.0
114.3  69.6  1.112131  20.856686  -7.958766  0.999998000001
113.3  63.9  0.725483  20.877741  -7.945504  0.999998000001
148.5  166.2  1.033371  18.817198  -9.250556  1.0
77.5  340.3  0.793722  20.445509  -8.113752  1.000002
89.0  96.3  0.921953  20.520645  -7.999104  0.999998000001
27.7  187.7  1.104225  19.704132  -9.343458  1.0
124.8  215.7  0.929506  20.40382  -8.227184  1.0
84.3  38.2  0.893183  20.039585  -8.043308  1.0
101.7  121.1  0.882753  20.489594  -7.903098  1.0
100.9  99.2  1.115839  20.209681  -7.906742  1.0
94.3  274.3  1.26017  21.585403  -7.951906  1.0
147.1  265.5  1.047579  21.43306  -9.198998  0.999998000001
126.1  171.4  0.920012  21.73946  -8.275408  0.999998000001
29.0  70.2  1.043119  19.653807  -9.32428  1.000002
17.3  169.5  1.173836  19.063925  -9.415374  1.0
74.1  226.1  0.925373  18.906746  -8.155424  0.999998000001
126.0  335.8  1.150267  20.349724  -8.272474  1.0
67.6  269.8  1.006048  19.828568  -8.258408  1.000002
92.3  121.5  0.893034  19.276711  -7.969048  1.000002
15.2  286.1  1.039093  21.580746  -9.416368  1.0
18.7  101.4  0.98904  19.927286  -9.412742  1.000002
147.5  219.3  0.972879  21.131863  -9.212906  1.000002
75.8  86.1  1.008444  20.481056  -8.133984  0.999998000001
69.1  295.9  1.047623  20.897415  -8.231552  0.999998000001
64.2  102.3  1.045656  19.906149  -8.32636  0.999998000001
79.3  188.0  14.386984  22.996944  -9.656842  0.640206416641
143.9  17.7  1.011333  20.960791  -9.065586  0.999998000001
139.2  317.8  1.019192  21.246971  -8.849586  0.999998000001
41.6  196.2  1.007362  19.983191  -9.015776  1.000002
165.7  101.2  0.889112  20.79752  -9.67355  0.999998000001
111.9  135.2  1.090509  20.990269  -7.92811  1.0
86.1  218.5  0.949787  21.23381  -8.02596  1.000002
110.1  343.2  1.162498  21.173176  -7.912528  1.000002
108.0  200.5  1.018677  20.085058  -7.900638  1.0
89.4  233.9  14.704885  22.252085  -9.77376  0.469749856689
101.5  240.8  1.094275  19.940128  -7.904108  1.0
79.8  105.4  0.897438  19.560648  -8.089276  0.999998000001
52.0  295.6  1.08489  19.276308  -8.669494  1.0
120.0  66.0  19.548306  14.098789  -5.234202  0.323005808896
48.0  334.3  1.135654  19.54398  -8.80432  0.999998000001
16.5  240.4  0.883035  19.932961  -9.416156  0.999998000001
98.5  77.7  0.960632  19.817329  -7.920288  1.0
146.8  271.2  1.048266  19.571783  -9.185198  1.000004
94.0  181.4  1.186323  21.059593  -7.954744  0.999996000004
74.3  100.2  16.898579  16.246624  -5.530216  0.4960244041
122.4  130.9  0.990852  19.519644  -8.147924  1.000002
136.8  352.0  0.965853  20.251833  -8.739292  1.000002
74.2  193.7  0.836752  21.778872  -8.153586  1.0
134.3  37.8  12.909548  20.627975  -9.19545  0.460500674404
55.9  6.8  0.983681  20.620312  -8.545844  0.999998000001
80.2  30.8  0.92445  19.959621  -8.084466  1.0
104.6  232.3  1.099581  19.271786  -7.895812  1.000002
16.4  193.2  10.941257  15.014775  -8.928428  0.730349706025
106.8  71.6  0.95009  21.417755  -7.897042  1.0
147.2  155.6  0.975933  22.1287  -9.199282  1.000002
41.0  48.3  0.92855  19.050632  -9.035024  1.000002
67.2  151.4  1.016497  21.207279  -8.264574  0.999998000001
147.9  271.2  1.103043  20.47436  -9.229788  1.000002
80.2  22.5  0.872719  18.523487  -8.084996  1.000002
90.5  208.7  1.071434  19.513573  -7.985354  0.999998000001
83.6  34.1  0.95171  19.263224  -8.050184  0.999998000001
95.7  260.5  0.851772  21.964878  -7.940048  0.999998000001
129.9  321.6  0.979422  20.924732  -8.42869  1.0
124.0  339.2  0.876688  20.496845  -8.197568  0.999998000001
102.3  41.3  1.008295  20.478722  -7.900748  1.0
58.2  132.4  1.068453  22.100613  -8.477686  1.000002
83.1  183.3  1.115026  19.830103  -8.055388  0.999998000001
147.9  278.0  0.973825  19.939943  -9.228124  1.0
83.0  85.8  1.135761  21.638021  -8.055892  0.999996000004
25.4  147.4  1.001322  19.903019  -9.371354  1.000002
135.2  297.5  1.088758  19.032068  -8.663834  0.999998000001
63.6  182.8  0.833538  20.274618  -8.339938  0.999998000001
80.5  143.3  0.944681  21.13364  -8.081644  1.0
132.8  72.6  1.085407  18.369164  -8.555322  1.0
97.3  277.5  0.902958  19.5292  -7.928078  1.0
85.3  155.7  0.917383  19.979052  -8.034508  1.0
111.5  119.1  1.007431  18.570801  -7.92427  0.999998000001
134.2  35.6  1.086848  19.034271  -8.617416  1.0
88.5  291.5  0.826645  20.833719  -8.00363  1.0
113.6  260.6  0.977589  19.215393  -7.94861  1.0
90.7  261.1  1.14669  19.028257  -7.983398  0.999998000001
158.7  300.9  0.898129  20.244984  -9.558446  1.000002
119.9  127.7  1.01544  19.341734  -8.075146  0.999998000001
91.4  118.2  0.929527  21.579529  -7.97698  1.0
99.0  287.4  1.11474  19.936016  -7.917118  1.0
77.5  85.4  1.065002  20.807446  -8.114478  1.0
133.4  125.3  0.818939  21.194815  -8.584116  1.000002
128.3  290.3  1.104668  19.293823  -8.359422  1.0
74.3  345.8  0.894903  20.237833  -8.152876  1.0
103.8  336.8  0.922579  19.889423  -7.896886  1.0
79.9  273.7  0.923014  19.450609  -8.088316  1.000002
93.6  175.9  0.997042  20.286575  -7.957442  1.0
66.9  202.2  0.989899  18.760502  -8.270134  1.0
62.5  267.3  1.07826  19.547241  -8.364672  1.000004
142.1  44.3  12.107573  21.295168  -10.325324  0.470279121361
55.5  66.7  0.955147  19.754225  -8.558128  1.000004
13.4  312.8  10.326801  20.67712  -9.855258  0.572177267776
102.8  238.7  0.805185  20.413719  -7.89914  1.0
81.8  24.1  1.018328  19.550791  -8.068162  1.000004
122.8  351.8  0.87743  21.394913  -8.158458  1.000002
101.3  34.2  1.0742  18.364758  -7.904944  1.000004
81.5  96.9  1.010715  16.981934  -8.071308  0.999998000001
84.8  153.2  1.121326  19.199738  -8.039286  1.000002
112.9  140.4  1.020868  19.65921  -7.940378  0.999998000001
113.9  58.1  1.009838  20.562901  -7.953546  0.999998000001
114.3  248.4  0.817045  21.953484  -7.958324  1.000002
84.8  282.3  1.046984  20.505772  -8.03916  0.999998000001
85.3  202.2  0.859606  19.229303  -8.033626  0.999998000001
121.7  196.7  0.841763  18.572577  -8.1271  1.000002
84.3  260.1  1.019783  21.197514  -8.043308  1.000002
64.7  175.6  12.238131  20.556522  -9.40164  0.489806819044
30.1  193.2  0.808668  20.971527  -9.305318  1.000002
83.8  195.4  1.03533  19.161283  -8.048274  1.000002
158.9  116.5  0.887493  20.62854  -9.561964  0.999998000001
69.3  271.6  0.927393  21.402256  -8.226868  1.0
97.1  244.6  0.965151  20.034006  -7.929466  0.999998000001
147.1  182.1  1.029029  18.75032  -9.199116  1.0
150.2  115.6  0.96121  21.209723  -9.313944  1.0
54.2  273.7  1.205946  20.156288  -8.598988  1.000002
67.4  310.1  0.978905  21.113628  -8.262256  0.999998000001
112.0  125.4  0.992704  18.339539  -7.92934  1.000002
159.0  220.8  0.958609  20.154251  -9.56313  1.0
44.4  216.4  0.933105  21.752878  -8.923042  1.0
84.4  180.1  14.816788  16.45866  -5.116922  0.5433901225
167.6  175.9  1.071564  21.010132  -9.693806  1.0
61.6  146.5  0.910233  19.873545  -8.387484  1.000004
58.8  214.6  0.896706  19.172024  -8.461744  0.999998000001
117.1  238.4  13.979273  21.343548  -8.620482  0.476675633889
49.3  38.2  0.955137  20.482279  -8.759762  1.000002
60.6  305.8  1.058178  21.2166  -8.41199  1.0
59.7  274.7  1.001368  21.300583  -8.437316  1.0
101.0  296.3  1.072439  20.386738  -7.906284  1.000002
80.5  151.7  0.98217  19.274145  -8.081534  0.999998000001
112.3  111.5  1.03442  20.136084  -7.932778  1.0
81.5  200.0  1.087055  23.185892  -8.071346  1.0
94.8  334.9  0.741873  20.04464  -7.947758  0.999998000001
34.8  261.9  1.072865  18.954798  -9.2076  1.0
127.2  64.9  1.10454  18.72139  -8.317782  1.0
22.8  302.3  0.833355  21.035696  -9.393952  0.999998000001
139.4  42.0  0.958117  20.160442  -8.86131  1.000002
87.4  232.3  0.962183  19.824093  -8.013818  0.999996000004
163.8  344.7  0.995635  19.923302  -9.648342  1.000002
127.8  301.6  0.997078  20.247437  -8.340222  1.0
100.6  87.7  0.828138  20.629673  -7.907876  1.0
157.4  237.5  1.225181  17.937012  -9.52859  1.0
75.4  243.6  1.016977  20.947374  -8.139188  0.999998000001
94.0  154.3  0.986591  19.670151  -7.954224  0.999998000001
105.8  179.2  0.902966  21.024471  -7.895702  0.999998000001
123.8  42.4  0.864241  17.570814  -8.193484  1.0
25.7  284.4  0.994135  20.092466  -9.367198  1.000002
76.5  316.8  1.064379  18.800108  -8.125704  1.000002
34.1  263.7  0.98993  18.661501  -9.224214  1.000002
141.0  269.3  0.966404  19.128626  -8.93364  1.000002
92.2  226.9  1.008331  19.211281  -7.969836  1.0
93.1  195.9  0.942899  17.963032  -7.961952  1.0
156.5  212.6  10.513025  16.901306  -7.519924  0.418098026025
137.2  159.7  0.994549  19.274492  -8.757128  1.0
93.9  67.3  1.125061  20.810698  -7.955422  0.999998000001
153.8  170.4  0.802008  19.958418  -9.432358  0.999998000001
163.5  91.4  0.966404  19.143877  -9.643658  1.000002
122.3  324.3  8.205709  27.022102  -10.76415  0.602148064324
152.7  117.3  0.963825  20.861137  -9.398532  1.000004
105.0  359.4  1.098186  19.624344  -7.895592  0.999998000001
54.6  109.4  16.657038  15.000822  -6.171086  0.306478496025
113.3  76.1  0.971008  19.682178  -7.945204  0.999996000004
30.9  258.8  0.952051  19.921982  -9.291046  0.999998000001
72.2  316.4  1.093935  18.054331  -8.182138  1.0
64.4  54.1  0.960381  21.165323  -8.32237  1.0
89.2  171.3  1.061695  19.283354  -7.99756  1.0
37.1  80.0  20.336945  8.762112  -4.496602  0.137990703841
11.6  273.6  0.98128  18.992514  -9.412418  1.000002
106.3  248.2  10.479218  25.644936  -10.555122  0.618437542464
75.8  215.8  7.959803  27.701645  -11.629534  0.672396720004
71.3  216.8  0.926647  18.74618  -8.194738  1.000002
100.8  87.4  1.123043  18.632545  -7.90719  1.000002
120.8  93.5  0.9687  20.148069  -8.099558  1.0
18.3  37.6  5.302483  23.155224  -11.5299  0.683356835716
113.9  322.1  1.028519  21.807652  -7.95301  1.000004
166.4  93.1  1.03092  20.554741  -9.680908  0.999998000001
171.0  334.5  0.980452  21.040659  -9.720276  1.000004
91.9  192.6  1.021044  21.697048  -7.97225  0.999998000001
103.9  111.2  1.002373  19.347488  -7.896696  1.0
104.1  54.2  0.955982  19.895552  -7.896444  1.000002
22.4  68.1  1.12386  20.057547  -9.396468  0.999996000004
114.2  177.3  0.719128  20.246849  -7.957882  1.0
64.3  357.6  1.05393  20.701794  -8.323758  0.999998000001
42.0  182.4  1.087252  19.738882  -9.002648  1.0
105.2  283.2  0.961836  20.315937  -7.895528  1.000002
102.2  290.7  0.918934  19.450232  -7.901144  1.000004
30.7  74.1  0.743902  21.272108  -9.294548  1.0
106.4  209.9  0.949825  21.035801  -7.896364  0.999994000009
74.9  7.6  8.970814  29.587412  -12.66564  0.688521571984
157.7  101.3  1.031509  20.138725  -9.534878  1.000002
167.8  316.2  1.138708  20.706776  -9.69506  1.000002
89.2  111.9  0.879967  19.273476  -7.997118  1.0
174.3  210.1  0.98023  20.907455  -9.73592  1.000002
59.8  324.0  0.993216  19.446079  -8.43417  0.999998000001
61.7  131.4  11.206907  22.595705  -9.879858  0.546629550336
155.8  297.7  1.041277  18.396477  -9.487278  1.000002
92.4  357.5  1.070084  21.590801  -7.96848  0.999998000001
66.9  15.3  1.027225  19.576982  -8.27036  0.999998000001
94.9  223.9  11.402788  21.653278  -8.62362  0.554436606025
85.2  152.1  1.01185  19.726221  -8.034586  1.0
90.5  217.7  1.081244  19.051115  -7.985118  1.0
77.7  236.0  0.959354  20.708889  -8.111576  1.0
107.0  220.9  1.018557  20.338089  -7.897438  1.0
31.5  202.1  0.863437  19.861086  -9.279786  1.000002
114.0  204.9  1.00458  20.220909  -7.955266  0.999998000001
50.0  242.5  1.034548  19.603851  -8.734458  1.0
95.3  92.7  0.93157  21.221769  -7.943974  1.000004
85.8  248.2  0.974184  20.105692  -8.029084  1.000002
82.2  55.2  0.932293  21.262711  -8.06444  0.999998000001
6.4  174.4  1.111871  19.982973  -9.401656  1.000002
33.9  35.7  1.06965  17.825764  -9.227242  1.0
153.7  258.8  1.068928  19.378872  -9.427928  1.0
116.7  239.7  0.91169  19.402624  -8.00013  1.000004
132.1  183.7  13.120638  14.466836  -6.430956  0.388612598544
47.8  90.5  0.852219  21.075874  -8.81103  1.0
94.2  248.3  0.871611  20.709023  -7.952364  0.999998000001
74.6  18.2  0.82987  20.778728  -8.149092  1.0
46.0  246.7  0.916994  19.845736  -8.869566  1.0
122.4  332.3  0.983309  19.426388  -8.147468  1.000004
14.5  311.0  0.942229  19.58079  -9.416038  0.999998000001
32.5  233.9  0.984486  20.978029  -9.259506  1.0
116.8  350.3  0.999432  18.430363  -8.003284  1.0
148.6  346.1  0.891232  20.448008  -9.256732  1.0
49.6  315.9  0.902174  20.84985  -8.749322  1.0
63.5  115.7  0.879871  19.72205  -8.342192  1.000004
60.8  271.5  1.328951  20.330212  -8.407968  0.999998000001
27.9  325.0  0.86804  19.458994  -9.339838  1.0
81.2  170.1  1.077978  22.045723  -8.074154  1.000002
132.5  57.7  0.843674  20.399206  -8.541272  1.0
25.1  252.2  0.839952  19.964165  -9.373876  1.000002
101.3  134.0  1.072096  21.088621  -7.904974  1.000002
122.9  140.1  9.606243  21.81358  -8.86225  0.555707629764
141.3  29.5  1.058001  19.447182  -8.945986  0.999998000001
78.9  291.1  16.442173  16.008894  -6.009524  0.373572774436
128.6  271.3  19.192274  21.248795  -9.22486  0.413104423824
14.3  347.8  1.292229  20.769369  -9.415934  1.0
81.8  116.8  1.099171  20.185116  -8.068286  1.000002
115.4  199.7  1.074059  18.285044  -7.977162  0.999998000001
125.7  273.3  0.891512  20.747604  -8.258014  0.999998000001
107.2  283.8  0.944277  19.987423  -7.898006  1.0
100.7  175.3  0.912638  17.556957  -7.907506  1.000002
71.4  118.4  0.934238  18.787464  -8.194146  0.999998000001
95.4  198.7  1.11982  21.234138  -7.943028  1.0
99.2  159.9  13.890837  18.279549  -7.915904  0.515877316516
69.5  179.1  14.715975  21.30443  -7.818478  0.579792396481
135.4  208.5  16.65563  21.418621  -9.33826  0.392647611456
22.7  269.7  0.856182  20.267118  -9.394424  1.0
25.5  23.5  1.061243  20.4107  -9.369508  1.000002
135.2  253.4  1.032486  19.56716  -8.663194  1.0
169.1  71.0  0.881807  19.840965  -9.706802  0.999998000001
76.9  343.9  0.708382  18.645117  -8.12091  1.000004
90.3  161.2  1.110947  19.698425  -7.98753  1.000002
5.8  347.8  0.916492  19.734835  -9.400552  0.999998000001
54.9  156.1  1.146305  20.092844  -8.577274  1.0
111.8  144.6  0.97051  18.457457  -7.926738  1.0
29.5  281.3  0.923515  21.680416  -9.315158  1.0
55.9  61.2  0.781801  19.247311  -8.547066  0.999998000001
117.3  328.5  1.098953  19.704737  -8.012384  0.999998000001
40.9  285.3  1.231346  19.097303  -9.036214  1.0
118.0  160.6  1.256205  20.51289  -8.02943  1.0
102.9  115.2  1.002064  19.905872  -7.898982  1.000002
34.2  246.3  1.036753  20.733074  -9.221588  0.999998000001
26.3  185.0  0.970098  18.445148  -9.361056  1.0
68.1  153.0  14.914602  22.650288  -8.77255  0.453330196804
21.2  316.6  1.047556  19.010477  -9.40335  1.0
19.8  102.0  1.189014  19.75478  -9.409604  1.0
50.4  351.9  10.833572  23.050032  -10.969694  0.617648240836
123.3  124.6  0.931463  21.327442  -8.176972  1.000002
62.1  183.1  0.862568  19.849264  -8.375278  1.000002
142.4  115.9  1.021559  20.640804  -8.997192  0.999998000001
76.8  159.8  0.888418  20.039181  -8.122314  1.000002
78.7  132.3  1.199398  21.313753  -8.100442  1.000002
112.7  52.2  1.246119  18.827606  -7.93724  1.000002
109.1  356.1  1.028461  19.169054  -7.905984  1.0
147.5  310.5  0.998975  19.17465  -9.2145  0.999998000001
172.5  168.0  10.315983  20.125481  -10.285016  0.527950466404
140.6  141.6  1.122562  19.493418  -8.914866  1.0
95.0  48.3  12.304544  20.671026  -8.680266  0.430265154916
166.6  59.3  0.842933  20.339293  -9.68276  1.000002
27.8  139.5  0.899437  20.204918  -9.34165  1.000002
127.6  71.7  1.004892  19.286524  -8.331918  1.000002
79.9  314.2  0.969166  19.238602  -8.087794  1.0
77.8  294.6  1.138012  19.445303  -8.11066  1.0
106.6  272.5  1.088863  18.961554  -7.896664  1.0
44.3  6.1  1.021153  19.083296  -8.927782  0.999998000001
102.9  286.0  1.058561  18.735224  -7.898966  0.999998000001
108.1  1.6  0.938026  19.355766  -7.900954  1.0
161.3  277.1  10.108807  22.142128  -10.790122  0.618796196496
12.3  287.0  1.043924  21.585052  -9.413498  0.999998000001
141.3  139.3  0.97365  20.304253  -8.949716  1.000002
25.9  261.5  1.051754  21.091579  -9.365226  1.0
62.0  177.1  0.876597  17.692348  -8.377146  0.999998000001
11.9  303.0  17.744242  15.313307  -7.609354  0.359207236921
69.9  131.8  1.022688  19.99926  -8.217422  1.0
86.9  156.8  1.183596  19.904131  -8.01907  1.000002
110.6  336.1  1.045584  19.253931  -7.916298  0.999998000001
120.2  352.4  1.099958  20.722031  -8.083504  0.999998000001
89.9  204.1  1.104652  20.213436  -7.990384  1.0
19.6  322.1  15.600023  14.677793  -6.326766  0.3214436416
118.7  107.1  1.003016  19.771185  -8.045106  0.999998000001
30.5  222.1  1.077368  22.323006  -9.297354  1.000004
133.3  105.3  0.937174  19.806231  -8.578172  1.000002
64.2  325.5  1.069723  19.618662  -8.327354  1.000002
44.2  256.7  1.005666  19.172546  -8.931092  0.999996000004
48.9  260.2  1.14987  20.229305  -8.774316  0.999998000001
26.7  289.7  1.082795  18.398401  -9.356538  1.0
78.7  222.3  1.057798  20.669218  -8.100442  1.000002
113.2  89.6  1.003242  20.14172  -7.943958  0.999994000009
101.0  267.8  5.306713  30.361839  -12.42441  0.653096724736
89.7  21.6  0.918678  19.061901  -7.992656  1.0
124.6  191.9  0.957294  20.417454  -8.218416  1.000002
142.9  338.0  9.412262  23.491476  -10.034528  0.568338069924
20.6  311.4  0.901108  20.152567  -9.40637  1.0
99.2  253.8  1.006655  19.098825  -7.91595  1.000002
8.1  78.8  0.897503  20.505095  -9.405094  1.0
125.1  299.4  0.890242  21.282188  -8.237922  1.0
155.6  178.8  7.5147  24.385323  -12.107074  0.574535196361
129.8  177.3  1.075571  20.875092  -8.424606  0.999996000004
151.4  100.8  0.920641  20.298281  -9.355766  1.0
68.6  74.6  0.92379  20.681967  -8.238728  0.999998000001
162.6  61.9  1.046402  18.367989  -9.631038  1.0
56.0  29.4  1.055529  19.255703  -8.5434  1.0
128.8  24.4  0.823374  18.962208  -8.381468  1.000002
107.3  7.4  1.169579  19.801643  -7.898178  1.000002
18.7  152.5  1.008509  20.071243  -9.412756  1.0
103.9  219.8  1.034389  19.69878  -7.896744  1.0
116.9  314.2  18.314209  13.292038  -4.38973  0.428584952896
18.1  145.3  1.04423  20.051842  -9.414074  1.0
117.1  124.4  1.110449  20.747984  -8.008976  1.0
127.1  128.3  0.812298  19.566818  -8.313934  1.0
